traj_latents is[[[ 2.578125    0.57421875 -2.359375   ...  0.16992188  0.25976562
    3.265625  ]
  [ 0.84765625  0.95703125  0.5859375  ... -1.1953125   2.1875
    0.07324219]
  [ 0.11523438  0.81640625 -2.921875   ... -5.34375     0.41992188
    2.65625   ]
  [-0.8359375  -0.99609375  1.6328125  ... -2.1875      3.921875
   -3.28125   ]]]
after cond_projector, traj_latents is[[[ 1.2734375   1.890625    2.734375   ... -3.59375     0.63671875
   -0.15039062]
  [ 2.1875      2.703125    2.84375    ... -3.546875    1.078125
   -0.578125  ]
  [-0.02612305 -0.58984375  0.89453125 ... -2.921875    0.3515625
   -0.15136719]
  [-0.57421875  0.203125    2.328125   ... -3.484375    1.1640625
   -1.21875   ]]]
after rgb_resampler, memory_tokens is[[[ 0.359375    2.046875    1.625      ...  0.8828125  -0.43164062
    0.20019531]
  [ 0.34765625  2.046875    1.640625   ...  0.88671875 -0.44921875
    0.21484375]
  [ 0.33398438  2.046875    1.65625    ...  0.890625   -0.43554688
    0.21484375]
  ...
  [ 0.359375    2.046875    1.65625    ...  0.890625   -0.44726562
    0.2109375 ]
  [ 0.33789062  2.046875    1.640625   ...  0.88671875 -0.42773438
    0.20507812]
  [ 0.35546875  2.046875    1.625      ...  0.87890625 -0.43164062
    0.20996094]]]
after randn_tensor, latents is[[[-0.92578125 -0.42578125 -2.640625  ]
  [ 0.14550781 -0.12109375 -0.578125  ]
  [-0.62109375 -0.328125   -1.078125  ]
  ...
  [ 0.18945312  0.22460938 -0.23242188]
  [ 0.97265625  1.6796875   0.13476562]
  [ 0.5234375   1.171875   -0.95703125]]

 [[-0.0859375  -1.5        -0.90625   ]
  [-0.453125    0.06640625 -0.03833008]
  [ 0.58203125  0.8828125  -1.6171875 ]
  ...
  [ 0.27539062 -0.68359375  0.66015625]
  [-0.81640625 -0.09326172  0.19140625]
  [ 0.21484375 -0.73828125 -0.45117188]]

 [[-0.13574219 -1.3203125  -0.875     ]
  [-0.40820312  0.37109375  0.23046875]
  [-1.34375    -0.5        -0.41210938]
  ...
  [-0.80859375 -0.03466797 -1.3125    ]
  [-0.60546875  1.125      -0.703125  ]
  [ 1.078125   -0.6953125  -0.13574219]]

 ...

 [[ 0.34375    -0.54296875 -0.9609375 ]
  [-1.046875   -0.19238281 -1.984375  ]
  [-0.21191406  0.37695312 -0.34179688]
  ...
  [-0.83203125  0.34960938 -0.92578125]
  [ 0.34960938  1.78125     0.56640625]
  [-0.07666016 -0.765625    1.2734375 ]]

 [[-1.203125    1.640625   -0.04394531]
  [ 0.01245117  2.203125   -0.19433594]
  [-1.2890625  -0.03369141 -2.359375  ]
  ...
  [ 0.02246094 -0.78515625  0.8671875 ]
  [-2.390625    0.45507812 -1.9296875 ]
  [ 0.3671875   1.1015625  -0.33203125]]

 [[ 1.875       0.2890625  -0.72265625]
  [-0.28125     0.09814453  0.78515625]
  [ 0.00372314 -0.73828125 -1.9609375 ]
  ...
  [-0.59765625  0.3984375   0.46875   ]
  [ 0.49609375  2.         -0.82421875]
  [-0.66015625  2.3125      0.48242188]]]
after repeat_interleave, hidden_states_input is[[[ 0.          0.          0.         ...  0.          0.
    0.        ]
  [ 0.          0.          0.         ...  0.          0.
    0.        ]
  [ 0.          0.          0.         ...  0.          0.
    0.        ]
  ...
  [ 0.          0.          0.         ...  0.          0.
    0.        ]
  [ 0.          0.          0.         ...  0.          0.
    0.        ]
  [ 0.          0.          0.         ...  0.          0.
    0.        ]]

 [[ 0.          0.          0.         ...  0.          0.
    0.        ]
  [ 0.          0.          0.         ...  0.          0.
    0.        ]
  [ 0.          0.          0.         ...  0.          0.
    0.        ]
  ...
  [ 0.          0.          0.         ...  0.          0.
    0.        ]
  [ 0.          0.          0.         ...  0.          0.
    0.        ]
  [ 0.          0.          0.         ...  0.          0.
    0.        ]]

 [[ 0.          0.          0.         ...  0.          0.
    0.        ]
  [ 0.          0.          0.         ...  0.          0.
    0.        ]
  [ 0.          0.          0.         ...  0.          0.
    0.        ]
  ...
  [ 0.          0.          0.         ...  0.          0.
    0.        ]
  [ 0.          0.          0.         ...  0.          0.
    0.        ]
  [ 0.          0.          0.         ...  0.          0.
    0.        ]]

 ...

 [[ 0.359375    2.046875    1.625      ...  0.8828125  -0.43164062
    0.20019531]
  [ 0.34765625  2.046875    1.640625   ...  0.88671875 -0.44921875
    0.21484375]
  [ 0.33398438  2.046875    1.65625    ...  0.890625   -0.43554688
    0.21484375]
  ...
  [ 2.1875      2.703125    2.84375    ... -3.546875    1.078125
   -0.578125  ]
  [-0.02612305 -0.58984375  0.89453125 ... -2.921875    0.3515625
   -0.15136719]
  [-0.57421875  0.203125    2.328125   ... -3.484375    1.1640625
   -1.21875   ]]

 [[ 0.359375    2.046875    1.625      ...  0.8828125  -0.43164062
    0.20019531]
  [ 0.34765625  2.046875    1.640625   ...  0.88671875 -0.44921875
    0.21484375]
  [ 0.33398438  2.046875    1.65625    ...  0.890625   -0.43554688
    0.21484375]
  ...
  [ 2.1875      2.703125    2.84375    ... -3.546875    1.078125
   -0.578125  ]
  [-0.02612305 -0.58984375  0.89453125 ... -2.921875    0.3515625
   -0.15136719]
  [-0.57421875  0.203125    2.328125   ... -3.484375    1.1640625
   -1.21875   ]]

 [[ 0.359375    2.046875    1.625      ...  0.8828125  -0.43164062
    0.20019531]
  [ 0.34765625  2.046875    1.640625   ...  0.88671875 -0.44921875
    0.21484375]
  [ 0.33398438  2.046875    1.65625    ...  0.890625   -0.43554688
    0.21484375]
  ...
  [ 2.1875      2.703125    2.84375    ... -3.546875    1.078125
   -0.578125  ]
  [-0.02612305 -0.58984375  0.89453125 ... -2.921875    0.3515625
   -0.15136719]
  [-0.57421875  0.203125    2.328125   ... -3.484375    1.1640625
   -1.21875   ]]]
after action_encoder, latent_features is[[[-3.53515625e-01 -1.51977539e-02 -6.79687500e-01 ... -1.19531250e+00
    6.95312500e-01 -1.23437500e+00]
  [ 3.73046875e-01  3.26171875e-01 -4.88281250e-01 ... -1.60156250e-01
   -8.88671875e-02 -1.04492188e-01]
  [ 1.07910156e-01  1.39648438e-01 -6.67968750e-01 ... -4.49218750e-01
   -8.05664062e-02 -6.09375000e-01]
  ...
  [ 4.74609375e-01  5.19531250e-01 -3.22265625e-01 ...  1.39160156e-02
   -2.65625000e-01  2.15820312e-01]
  [ 7.18750000e-01  1.32031250e+00  5.03906250e-01 ...  2.85156250e-01
   -1.78710938e-01  1.42187500e+00]
  [ 3.49609375e-01  9.80468750e-01  2.38281250e-01 ... -2.65625000e-01
    2.73437500e-01  6.56250000e-01]]

 [[ 2.34375000e-01 -3.98437500e-01 -1.21093750e+00 ... -3.75000000e-01
   -3.35693359e-04 -1.08593750e+00]
  [ 4.12109375e-01  4.04296875e-01 -4.94140625e-01 ...  5.46875000e-02
   -6.05468750e-01 -1.58691406e-02]
  [ 1.85546875e-01  8.04687500e-01  1.28906250e-01 ... -5.74218750e-01
    6.64062500e-01  3.04687500e-01]
  ...
  [ 7.14843750e-01  1.19628906e-01 -8.20312500e-01 ...  4.00390625e-01
   -7.50000000e-01 -2.18505859e-02]
  [ 4.08203125e-01  3.10546875e-01 -6.32812500e-01 ...  1.30859375e-01
   -8.67187500e-01 -1.51367188e-01]
  [ 4.12109375e-01  2.85644531e-02 -8.00781250e-01 ... -1.18164062e-01
   -1.42578125e-01 -4.06250000e-01]]

 [[ 2.35351562e-01 -3.10546875e-01 -1.12500000e+00 ... -3.57421875e-01
   -3.36914062e-02 -9.84375000e-01]
  [ 4.94140625e-01  5.74218750e-01 -3.45703125e-01 ...  1.92382812e-01
   -7.38281250e-01  2.57812500e-01]
  [ 1.56250000e-01  3.63769531e-02 -8.75000000e-01 ... -1.97265625e-01
   -7.14843750e-01 -7.34375000e-01]
  ...
  [ 1.72119141e-02  2.59765625e-01 -5.27343750e-01 ... -5.58593750e-01
   -1.11694336e-02 -5.66406250e-01]
  [ 2.22656250e-01  8.86718750e-01  6.10351562e-02 ... -2.25585938e-01
   -2.71484375e-01  3.57421875e-01]
  [ 6.44531250e-01  1.29882812e-01 -6.87500000e-01 ...  8.69140625e-02
   -1.42211914e-02 -2.19726562e-02]]

 ...

 [[ 3.02734375e-01  1.08398438e-01 -6.60156250e-01 ... -3.37890625e-01
    1.93359375e-01 -4.06250000e-01]
  [-2.01171875e-01  1.27929688e-01 -6.05468750e-01 ... -8.90625000e-01
    2.83203125e-01 -9.33593750e-01]
  [ 3.76953125e-01  5.62500000e-01 -2.89062500e-01 ... -5.83496094e-02
   -3.43750000e-01  1.48437500e-01]
  ...
  [ 1.18164062e-01  4.70703125e-01 -3.53515625e-01 ... -3.71093750e-01
   -2.34375000e-01 -2.33398438e-01]
  [ 7.26562500e-01  1.35156250e+00  4.55078125e-01 ...  4.45312500e-01
   -6.44531250e-01  1.41406250e+00]
  [ 8.12500000e-01  8.59375000e-02 -9.33593750e-01 ...  6.56250000e-01
   -1.22656250e+00  6.62231445e-03]]

 [[ 2.96875000e-01  1.13281250e+00  2.18750000e-01 ...  5.54199219e-02
   -8.51562500e-01  6.75781250e-01]
  [ 4.72656250e-01  1.50000000e+00  6.64062500e-01 ...  8.69140625e-02
   -3.28125000e-01  1.32812500e+00]
  [-3.39843750e-01  1.69921875e-01 -5.39062500e-01 ... -1.07812500e+00
    4.10156250e-01 -1.03125000e+00]
  ...
  [ 7.22656250e-01  6.17675781e-02 -9.14062500e-01 ...  4.74609375e-01
   -9.57031250e-01 -9.66796875e-02]
  [-4.12109375e-01  3.57421875e-01 -4.45312500e-01 ... -9.33593750e-01
   -2.18750000e-01 -9.49218750e-01]
  [ 4.86328125e-01  9.64843750e-01  1.52343750e-01 ...  9.94873047e-03
   -1.36718750e-01  7.53906250e-01]]

 [[ 6.36718750e-01  6.48437500e-01 -5.56640625e-02 ... -9.61914062e-02
    6.13281250e-01  6.21093750e-01]
  [ 6.56250000e-01  4.76562500e-01 -4.96093750e-01 ...  4.47265625e-01
   -1.00781250e+00  3.02734375e-01]
  [-1.95312500e-02 -6.73828125e-02 -7.57812500e-01 ... -8.28125000e-01
    6.36718750e-01 -9.25781250e-01]
  ...
  [ 5.23437500e-01  5.85937500e-01 -3.65234375e-01 ...  2.89062500e-01
   -9.41406250e-01  2.87109375e-01]
  [ 3.88671875e-01  1.39843750e+00  6.52343750e-01 ... -1.77734375e-01
    1.98242188e-01  1.17187500e+00]
  [ 5.35156250e-01  1.53906250e+00  6.05468750e-01 ...  3.57421875e-01
   -9.49218750e-01  1.39062500e+00]]]
after pos_encoding, pos_embed is[[[ 0.          0.          0.         ...  1.          1.
    1.        ]
  [ 0.841471    0.8152507   0.78859305 ...  1.          1.
    1.        ]
  [ 0.90929747  0.94423676  0.9698361  ...  1.          1.
    1.        ]
  ...
  [-0.6636339   0.591275    0.9371143  ...  0.9999944   0.99999493
    0.99999535]
  [-0.9880316  -0.31506237  0.85148275 ...  0.999994    0.9999946
    0.99999505]
  [-0.40403765 -0.9561863   0.1100651  ...  0.99999356  0.99999416
    0.9999947 ]]]
after traj_dit, noise_pred is[[[-0.03100586  0.49804688 -0.1796875  ...  0.578125    0.33984375
    0.8515625 ]
  [-0.29296875  0.31835938  0.06298828 ...  0.7109375  -0.02526855
    0.75390625]
  [-0.08349609  0.33007812  0.00964355 ...  0.6875      0.20605469
    0.81640625]
  ...
  [-0.36523438  0.3828125   0.00132751 ...  0.66796875 -0.3203125
    0.4921875 ]
  [-0.546875    0.15429688  0.16308594 ...  0.82421875 -0.63671875
    0.50390625]
  [-0.48632812  0.16601562  0.18359375 ...  0.828125   -0.41796875
    0.75390625]]

 [[-0.3046875   0.4921875  -0.19921875 ...  0.45507812  0.109375
    0.76953125]
  [-0.22851562  0.23144531  0.08251953 ...  0.7578125   0.19238281
    0.6796875 ]
  [-0.21679688  0.21582031  0.1328125  ...  0.7890625  -0.20019531
    0.9140625 ]
  ...
  [-0.32421875  0.5        -0.11132812 ...  0.453125   -0.36132812
    0.3125    ]
  [-0.26171875  0.33984375 -0.03173828 ...  0.68359375 -0.03857422
    0.546875  ]
  [-0.34375     0.42773438 -0.04467773 ...  0.5546875  -0.32617188
    0.66796875]]

 [[-0.27539062  0.4921875  -0.15917969 ...  0.5078125   0.15234375
    0.734375  ]
  [-0.21777344  0.21484375  0.109375   ...  0.80078125  0.17089844
    0.62109375]
  [ 0.00534058  0.3046875  -0.03344727 ...  0.66015625  0.47851562
    0.7109375 ]
  ...
  [-0.25585938  0.41992188 -0.04638672 ...  0.74609375  0.00524902
    0.671875  ]
  [-0.35351562  0.19335938  0.08496094 ...  0.89453125 -0.10449219
    0.69921875]
  [-0.48046875  0.4375     -0.06542969 ...  0.48632812 -0.66796875
    0.60546875]]

 ...

 [[-0.01794434  0.16210938 -0.14941406 ...  0.04882812 -0.02124023
    0.48046875]
  [ 0.3203125  -0.23144531 -0.11328125 ...  0.07226562  0.47460938
    0.6875    ]
  [ 0.02893066 -0.10058594 -0.08105469 ...  0.17382812  0.23730469
    0.2578125 ]
  ...
  [ 0.109375   -0.05273438 -0.07519531 ...  0.26171875  0.35351562
    0.39648438]
  [-0.203125   -0.234375   -0.03881836 ...  0.3828125  -0.0378418
    0.11962891]
  [ 0.0324707   0.35351562 -0.11572266 ... -0.0177002  -0.03173828
    0.02612305]]

 [[ 0.06933594 -0.23339844  0.23632812 ...  0.30078125  0.66015625
    0.20507812]
  [-0.06079102 -0.34960938  0.18261719 ...  0.33007812  0.34765625
    0.15625   ]
  [ 0.43164062 -0.39453125 -0.09472656 ...  0.09277344  0.54296875
    0.73046875]
  ...
  [-0.09326172  0.41601562 -0.20214844 ...  0.02624512  0.01733398
   -0.01135254]
  [ 0.3828125  -0.43164062 -0.15429688 ...  0.30859375  0.69140625
    0.828125  ]
  [ 0.03015137 -0.14453125  0.02380371 ...  0.296875   -0.02893066
    0.296875  ]]

 [[-0.25195312  0.12158203 -0.12011719 ...  0.10888672 -0.40820312
    0.390625  ]
  [-0.08837891  0.11914062 -0.03808594 ...  0.10400391  0.25976562
    0.02783203]
  [ 0.25195312 -0.13378906 -0.23046875 ...  0.02661133  0.06982422
    0.671875  ]
  ...
  [-0.0300293   0.11035156 -0.05786133 ...  0.22167969  0.31054688
    0.06396484]
  [-0.10302734 -0.40429688 -0.03637695 ...  0.45703125 -0.07128906
    0.4765625 ]
  [ 0.11035156 -0.33007812  0.24902344 ...  0.40039062  0.38867188
    0.20703125]]]
after action_decoder, noise_pred is[[[-1.0625     -0.28320312 -2.375     ]
  [-0.12695312 -0.06298828 -0.51953125]
  [-0.76171875 -0.21484375 -0.92578125]
  ...
  [ 0.18261719  0.26367188 -0.2109375 ]
  [ 0.8515625   1.5546875   0.06835938]
  [ 0.47265625  1.1484375  -0.8125    ]]

 [[-0.36132812 -1.296875   -0.8203125 ]
  [-0.61328125  0.16601562 -0.09179688]
  [ 0.34960938  0.796875   -1.3828125 ]
  ...
  [ 0.23144531 -0.55078125  0.5       ]
  [-0.69921875  0.1015625   0.09863281]
  [ 0.16015625 -0.546875   -0.3671875 ]]

 [[-0.42382812 -1.1484375  -0.8125    ]
  [-0.59375     0.4375      0.11035156]
  [-1.3984375  -0.32226562 -0.38476562]
  ...
  [-0.72265625  0.08691406 -1.1015625 ]
  [-0.49414062  1.1640625  -0.625     ]
  [ 0.921875   -0.578125   -0.08154297]]

 ...

 [[-0.01574707 -0.62109375 -1.1796875 ]
  [-1.421875   -0.28125    -2.09375   ]
  [-0.5703125   0.25585938 -0.4140625 ]
  ...
  [-0.90625     0.3125     -0.93359375]
  [ 0.36914062  1.7890625   0.90625   ]
  [-0.07128906 -0.77734375  1.2734375 ]]

 [[-1.5703125   1.578125   -0.28515625]
  [-0.3359375   2.109375   -0.25195312]
  [-1.65625    -0.14746094 -2.453125  ]
  ...
  [-0.04101562 -0.83203125  0.890625  ]
  [-2.375       0.46289062 -1.5546875 ]
  [ 0.37695312  1.078125   -0.32226562]]

 [[ 1.515625    0.22265625 -0.921875  ]
  [-0.6484375   0.00579834  0.70703125]
  [-0.3671875  -0.8359375  -2.046875  ]
  ...
  [-0.66796875  0.36523438  0.48242188]
  [ 0.50390625  1.9921875  -0.4921875 ]
  [-0.6484375   2.328125    0.50390625]]]
after action_encoder, latent_features is[[[-0.2578125   0.03564453 -0.6484375  ... -1.0546875   0.58203125
   -1.078125  ]
  [ 0.39453125  0.34179688 -0.47851562 ... -0.12695312 -0.11816406
   -0.06494141]
  [ 0.15625     0.17480469 -0.63671875 ... -0.38671875 -0.11181641
   -0.51953125]
  ...
  [ 0.47851562  0.51171875 -0.3359375  ...  0.02331543 -0.28320312
    0.20800781]
  [ 0.6875      1.234375    0.40820312 ...  0.25195312 -0.18945312
    1.28125   ]
  [ 0.36523438  0.921875    0.16699219 ... -0.22753906  0.19921875
    0.59765625]]

 [[ 0.27148438 -0.31054688 -1.125      ... -0.31445312 -0.04418945
   -0.9453125 ]
  [ 0.4296875   0.41210938 -0.48242188 ...  0.06591797 -0.58203125
    0.01428223]
  [ 0.22558594  0.7734375   0.078125   ... -0.5         0.55859375
    0.3046875 ]
  ...
  [ 0.69140625  0.14941406 -0.78125    ...  0.37109375 -0.71875
   -0.00720215]
  [ 0.41015625  0.31835938 -0.61328125 ...  0.11230469 -0.80859375
   -0.13671875]
  [ 0.41992188  0.06640625 -0.76953125 ... -0.09716797 -0.17480469
   -0.35742188]]

 [[ 0.2734375  -0.23046875 -1.046875   ... -0.29882812 -0.07666016
   -0.8515625 ]
  [ 0.50390625  0.56640625 -0.34765625 ...  0.18945312 -0.703125
    0.25976562]
  [ 0.19921875  0.08300781 -0.82421875 ... -0.16113281 -0.68359375
   -0.62890625]
  ...
  [ 0.06738281  0.27734375 -0.51953125 ... -0.4921875  -0.05444336
   -0.49414062]
  [ 0.2421875   0.83984375  0.01049805 ... -0.20800781 -0.2734375
    0.32421875]
  [ 0.62890625  0.15722656 -0.6640625  ...  0.08789062 -0.05957031
   -0.01043701]]

 ...

 [[ 0.33398438  0.14648438 -0.63671875 ... -0.28125     0.12890625
   -0.33398438]
  [-0.12158203  0.16308594 -0.5859375  ... -0.78515625  0.21386719
   -0.8125    ]
  [ 0.3984375   0.5546875  -0.296875   ... -0.03637695 -0.34765625
    0.1640625 ]
  ...
  [ 0.15722656  0.46679688 -0.36328125 ... -0.32226562 -0.25585938
   -0.1953125 ]
  [ 0.6953125   1.2578125   0.36328125 ...  0.39648438 -0.609375
    1.2734375 ]
  [ 0.78125     0.11865234 -0.88671875 ...  0.6015625  -1.1484375
    0.01708984]]

 [[ 0.33007812  1.0703125   0.15722656 ...  0.07373047 -0.8125
    0.640625  ]
  [ 0.48242188  1.3984375   0.5625     ...  0.09375    -0.33398438
    1.2265625 ]
  [-0.24511719  0.20214844 -0.5234375  ... -0.94921875  0.328125
   -0.89453125]
  ...
  [ 0.703125    0.09814453 -0.8671875  ...  0.4375     -0.90625
   -0.07421875]
  [-0.33007812  0.359375   -0.44921875 ... -0.84765625 -0.22460938
   -0.859375  ]
  [ 0.48828125  0.91015625  0.09082031 ...  0.01806641 -0.16796875
    0.6875    ]]

 [[ 0.6328125   0.6328125  -0.08984375 ... -0.06396484  0.5078125
    0.59375   ]
  [ 0.65234375  0.4765625  -0.484375   ...  0.41796875 -0.94921875
    0.30078125]
  [ 0.04077148 -0.01293945 -0.71875    ... -0.73046875  0.53515625
   -0.8046875 ]
  ...
  [ 0.5234375   0.5703125  -0.375      ...  0.27148438 -0.890625
    0.27148438]
  [ 0.390625    1.296875    0.5390625  ... -0.1640625   0.14941406
    1.0546875 ]
  [ 0.53125     1.421875    0.49609375 ...  0.33007812 -0.8984375
    1.2578125 ]]]
after pos_encoding, pos_embed is[[[ 0.          0.          0.         ...  1.          1.
    1.        ]
  [ 0.841471    0.8152507   0.78859305 ...  1.          1.
    1.        ]
  [ 0.90929747  0.94423676  0.9698361  ...  1.          1.
    1.        ]
  ...
  [-0.6636339   0.591275    0.9371143  ...  0.9999944   0.99999493
    0.99999535]
  [-0.9880316  -0.31506237  0.85148275 ...  0.999994    0.9999946
    0.99999505]
  [-0.40403765 -0.9561863   0.1100651  ...  0.99999356  0.99999416
    0.9999947 ]]]
after traj_dit, noise_pred is[[[-0.14453125  0.52734375 -0.15722656 ...  0.6328125   0.3203125
    0.92578125]
  [-0.36328125  0.31640625  0.01397705 ...  0.76171875 -0.06787109
    0.77734375]
  [-0.16503906  0.32421875 -0.02380371 ...  0.73828125  0.15136719
    0.84375   ]
  ...
  [-0.38085938  0.35351562  0.00167084 ...  0.74609375 -0.40625
    0.5390625 ]
  [-0.57421875  0.10791016  0.12890625 ...  0.89453125 -0.7421875
    0.57421875]
  [-0.51171875  0.140625    0.18359375 ...  0.90234375 -0.50390625
    0.83203125]]

 [[-0.38476562  0.5078125  -0.24414062 ...  0.49609375  0.07373047
    0.83203125]
  [-0.296875    0.22167969  0.03930664 ...  0.80078125  0.1484375
    0.70703125]
  [-0.32421875  0.20507812  0.11376953 ...  0.82421875 -0.2578125
    0.95703125]
  ...
  [-0.33203125  0.4609375  -0.13085938 ...  0.5234375  -0.4375
    0.359375  ]
  [-0.25976562  0.3046875  -0.04614258 ...  0.7578125  -0.11865234
    0.6015625 ]
  [-0.34179688  0.40039062 -0.04858398 ...  0.6171875  -0.39648438
    0.73828125]]

 [[-0.34960938  0.50390625 -0.19824219 ...  0.5546875   0.12890625
    0.80078125]
  [-0.28125     0.19335938  0.06884766 ...  0.859375    0.13085938
    0.64453125]
  [-0.04614258  0.29492188 -0.05395508 ...  0.70703125  0.43359375
    0.734375  ]
  ...
  [-0.265625    0.42578125 -0.01470947 ...  0.8125     -0.07080078
    0.70703125]
  [-0.36523438  0.17285156  0.09326172 ...  0.96875    -0.19335938
    0.75390625]
  [-0.50390625  0.40625    -0.08398438 ...  0.55859375 -0.75
    0.6796875 ]]

 ...

 [[-0.07519531  0.19433594 -0.13378906 ...  0.0612793  -0.04760742
    0.49609375]
  [ 0.27148438 -0.21972656 -0.09179688 ...  0.10107422  0.41210938
    0.6796875 ]
  [-0.00842285 -0.10546875 -0.06787109 ...  0.19238281  0.18652344
    0.25976562]
  ...
  [ 0.10449219 -0.05273438 -0.04272461 ...  0.28515625  0.28320312
    0.40234375]
  [-0.22265625 -0.25390625 -0.02697754 ...  0.41015625 -0.10839844
    0.17480469]
  [ 0.03637695  0.3203125  -0.13183594 ...  0.03637695 -0.06689453
    0.03442383]]

 [[ 0.03369141 -0.20410156  0.26953125 ...  0.30859375  0.6171875
    0.20703125]
  [-0.09082031 -0.34375     0.19726562 ...  0.34960938  0.29296875
    0.16308594]
  [ 0.40039062 -0.390625   -0.06787109 ...  0.11914062  0.4765625
    0.7109375 ]
  ...
  [-0.10253906  0.40820312 -0.19042969 ...  0.07421875 -0.03540039
    0.01599121]
  [ 0.36523438 -0.41796875 -0.10644531 ...  0.35351562  0.60546875
    0.859375  ]
  [ 0.03637695 -0.171875    0.03015137 ...  0.32617188 -0.07324219
    0.3125    ]]

 [[-0.30859375  0.15234375 -0.12158203 ...  0.125      -0.43359375
    0.40429688]
  [-0.12890625  0.11914062 -0.04077148 ...  0.12988281  0.21484375
    0.04370117]
  [ 0.20117188 -0.140625   -0.22167969 ...  0.05102539  0.02087402
    0.67578125]
  ...
  [-0.03100586  0.09960938 -0.03491211 ...  0.25390625  0.24902344
    0.07714844]
  [-0.1328125  -0.42773438 -0.01049805 ...  0.47851562 -0.14355469
    0.52734375]
  [ 0.13769531 -0.36914062  0.24902344 ...  0.4296875   0.34179688
    0.21386719]]]
after action_decoder, noise_pred is[[[-1.0781250e+00 -3.0664062e-01 -2.4062500e+00]
  [-1.2792969e-01 -8.1054688e-02 -5.5078125e-01]
  [-7.6562500e-01 -2.2167969e-01 -9.6093750e-01]
  ...
  [ 1.8261719e-01  2.5000000e-01 -2.4023438e-01]
  [ 8.5546875e-01  1.5703125e+00  1.8920898e-02]
  [ 4.5507812e-01  1.1640625e+00 -8.1250000e-01]]

 [[-3.7304688e-01 -1.3359375e+00 -8.4765625e-01]
  [-6.2890625e-01  1.5136719e-01 -1.3476562e-01]
  [ 3.5742188e-01  8.0078125e-01 -1.3984375e+00]
  ...
  [ 2.4218750e-01 -5.8203125e-01  4.8632812e-01]
  [-7.2656250e-01  7.5683594e-02  4.8828125e-02]
  [ 1.5234375e-01 -5.7812500e-01 -3.7304688e-01]]

 [[-4.4140625e-01 -1.1875000e+00 -8.3593750e-01]
  [-6.0546875e-01  4.2578125e-01  7.3730469e-02]
  [-1.4218750e+00 -3.3789062e-01 -4.3359375e-01]
  ...
  [-7.3046875e-01  6.2500000e-02 -1.1328125e+00]
  [-5.1562500e-01  1.1562500e+00 -6.7187500e-01]
  [ 9.2968750e-01 -6.0156250e-01 -8.7402344e-02]]

 ...

 [[-2.8564453e-02 -6.2109375e-01 -1.1953125e+00]
  [-1.4296875e+00 -2.7929688e-01 -2.0468750e+00]
  [-5.7812500e-01  2.5585938e-01 -4.0234375e-01]
  ...
  [-9.0234375e-01  3.1835938e-01 -9.2187500e-01]
  [ 3.6914062e-01  1.7890625e+00  9.1796875e-01]
  [-7.6171875e-02 -7.6171875e-01  1.2812500e+00]]

 [[-1.5703125e+00  1.5546875e+00 -3.0859375e-01]
  [-3.5156250e-01  2.0937500e+00 -2.4707031e-01]
  [-1.6718750e+00 -1.5136719e-01 -2.4218750e+00]
  ...
  [-3.1982422e-02 -8.2031250e-01  8.8671875e-01]
  [-2.3750000e+00  4.6289062e-01 -1.4921875e+00]
  [ 3.6914062e-01  1.0781250e+00 -3.2226562e-01]]

 [[ 1.5000000e+00  2.1972656e-01 -9.3359375e-01]
  [-6.5234375e-01  1.1062622e-03  7.0703125e-01]
  [-3.7500000e-01 -8.3593750e-01 -2.0312500e+00]
  ...
  [-6.6406250e-01  3.7695312e-01  4.8437500e-01]
  [ 5.0781250e-01  2.0000000e+00 -4.5898438e-01]
  [-6.5625000e-01  2.3281250e+00  4.9804688e-01]]]
after action_encoder, latent_features is[[[-1.61132812e-01  8.59375000e-02 -6.21093750e-01 ... -9.14062500e-01
    4.70703125e-01 -9.21875000e-01]
  [ 4.16015625e-01  3.57421875e-01 -4.66796875e-01 ... -9.42382812e-02
   -1.47460938e-01 -2.56347656e-02]
  [ 2.04101562e-01  2.10937500e-01 -6.09375000e-01 ... -3.24218750e-01
   -1.42578125e-01 -4.27734375e-01]
  ...
  [ 4.80468750e-01  5.00000000e-01 -3.47656250e-01 ...  3.22265625e-02
   -3.00781250e-01  1.99218750e-01]
  [ 6.56250000e-01  1.14062500e+00  3.10546875e-01 ...  2.17773438e-01
   -1.99218750e-01  1.13281250e+00]
  [ 3.80859375e-01  8.63281250e-01  9.61914062e-02 ... -1.92382812e-01
    1.25976562e-01  5.42968750e-01]]

 [[ 3.10546875e-01 -2.23632812e-01 -1.04687500e+00 ... -2.53906250e-01
   -9.03320312e-02 -8.04687500e-01]
  [ 4.47265625e-01  4.19921875e-01 -4.70703125e-01 ...  7.66601562e-02
   -5.58593750e-01  4.49218750e-02]
  [ 2.63671875e-01  7.42187500e-01  2.78320312e-02 ... -4.29687500e-01
    4.58984375e-01  3.00781250e-01]
  ...
  [ 6.71875000e-01  1.79687500e-01 -7.46093750e-01 ...  3.39843750e-01
   -6.87500000e-01  5.98144531e-03]
  [ 4.08203125e-01  3.26171875e-01 -5.97656250e-01 ...  9.27734375e-02
   -7.50000000e-01 -1.23535156e-01]
  [ 4.27734375e-01  1.04003906e-01 -7.34375000e-01 ... -7.56835938e-02
   -2.07031250e-01 -3.06640625e-01]]

 [[ 3.12500000e-01 -1.51367188e-01 -9.76562500e-01 ... -2.40234375e-01
   -1.18652344e-01 -7.22656250e-01]
  [ 5.11718750e-01  5.54687500e-01 -3.51562500e-01 ...  1.86523438e-01
   -6.67968750e-01  2.63671875e-01]
  [ 2.42187500e-01  1.28906250e-01 -7.73437500e-01 ... -1.25000000e-01
   -6.48437500e-01 -5.27343750e-01]
  ...
  [ 1.17187500e-01  2.94921875e-01 -5.11718750e-01 ... -4.25781250e-01
   -9.91210938e-02 -4.25781250e-01]
  [ 2.59765625e-01  7.89062500e-01 -4.17480469e-02 ... -1.91406250e-01
   -2.73437500e-01  2.85156250e-01]
  [ 6.13281250e-01  1.85546875e-01 -6.44531250e-01 ...  8.83789062e-02
   -1.04492188e-01  8.69750977e-04]]

 ...

 [[ 3.67187500e-01  1.83593750e-01 -6.09375000e-01 ... -2.23632812e-01
    6.15234375e-02 -2.59765625e-01]
  [-4.39453125e-02  1.98242188e-01 -5.62500000e-01 ... -6.79687500e-01
    1.49414062e-01 -6.91406250e-01]
  [ 4.17968750e-01  5.46875000e-01 -3.04687500e-01 ... -1.45263672e-02
   -3.49609375e-01  1.78710938e-01]
  ...
  [ 1.97265625e-01  4.62890625e-01 -3.71093750e-01 ... -2.73437500e-01
   -2.77343750e-01 -1.58203125e-01]
  [ 6.60156250e-01  1.15625000e+00  2.71484375e-01 ...  3.45703125e-01
   -5.70312500e-01  1.13281250e+00]
  [ 7.50000000e-01  1.51367188e-01 -8.39843750e-01 ...  5.46875000e-01
   -1.07812500e+00  2.75878906e-02]]

 [[ 3.63281250e-01  1.00781250e+00  9.47265625e-02 ...  9.32617188e-02
   -7.77343750e-01  6.05468750e-01]
  [ 4.92187500e-01  1.29687500e+00  4.55078125e-01 ...  1.00097656e-01
   -3.35937500e-01  1.11718750e+00]
  [-1.53320312e-01  2.35351562e-01 -5.03906250e-01 ... -8.24218750e-01
    2.50000000e-01 -7.61718750e-01]
  ...
  [ 6.79687500e-01  1.34765625e-01 -8.20312500e-01 ...  3.98437500e-01
   -8.51562500e-01 -5.22460938e-02]
  [-2.51953125e-01  3.59375000e-01 -4.51171875e-01 ... -7.65625000e-01
   -2.25585938e-01 -7.69531250e-01]
  [ 4.88281250e-01  8.55468750e-01  2.85644531e-02 ...  2.62451172e-02
   -2.00195312e-01  6.21093750e-01]]

 [[ 6.32812500e-01  6.17187500e-01 -1.24023438e-01 ... -3.12500000e-02
    4.00390625e-01  5.62500000e-01]
  [ 6.44531250e-01  4.78515625e-01 -4.72656250e-01 ...  3.90625000e-01
   -8.82812500e-01  3.00781250e-01]
  [ 1.01074219e-01  4.17480469e-02 -6.83593750e-01 ... -6.28906250e-01
    4.35546875e-01 -6.83593750e-01]
  ...
  [ 5.19531250e-01  5.54687500e-01 -3.82812500e-01 ...  2.51953125e-01
   -8.39843750e-01  2.53906250e-01]
  [ 3.92578125e-01  1.19531250e+00  4.27734375e-01 ... -1.53320312e-01
    1.02050781e-01  9.33593750e-01]
  [ 5.27343750e-01  1.31250000e+00  3.86718750e-01 ...  3.04687500e-01
   -8.51562500e-01  1.13281250e+00]]]
after pos_encoding, pos_embed is[[[ 0.          0.          0.         ...  1.          1.
    1.        ]
  [ 0.841471    0.8152507   0.78859305 ...  1.          1.
    1.        ]
  [ 0.90929747  0.94423676  0.9698361  ...  1.          1.
    1.        ]
  ...
  [-0.6636339   0.591275    0.9371143  ...  0.9999944   0.99999493
    0.99999535]
  [-0.9880316  -0.31506237  0.85148275 ...  0.999994    0.9999946
    0.99999505]
  [-0.40403765 -0.9561863   0.1100651  ...  0.99999356  0.99999416
    0.9999947 ]]]
after traj_dit, noise_pred is[[[-2.19726562e-01  5.78125000e-01 -1.11816406e-01 ...  7.14843750e-01
    3.65234375e-01  9.64843750e-01]
  [-4.16015625e-01  3.28125000e-01  2.30712891e-02 ...  8.12500000e-01
   -6.39648438e-02  8.12500000e-01]
  [-1.96289062e-01  3.26171875e-01 -1.31225586e-02 ...  8.00781250e-01
    1.55273438e-01  8.82812500e-01]
  ...
  [-3.82812500e-01  3.57421875e-01 -2.52685547e-02 ...  7.65625000e-01
   -4.47265625e-01  5.54687500e-01]
  [-5.70312500e-01  1.05957031e-01  9.61914062e-02 ...  9.17968750e-01
   -7.73437500e-01  5.89843750e-01]
  [-5.00000000e-01  1.61132812e-01  1.58203125e-01 ...  9.21875000e-01
   -5.23437500e-01  8.67187500e-01]]

 [[-4.51171875e-01  5.27343750e-01 -2.51953125e-01 ...  5.35156250e-01
    9.61914062e-02  8.63281250e-01]
  [-3.45703125e-01  2.17773438e-01  3.85742188e-02 ...  8.35937500e-01
    1.44531250e-01  7.53906250e-01]
  [-3.33984375e-01  2.28515625e-01  1.16210938e-01 ...  8.75000000e-01
   -2.71484375e-01  1.01562500e+00]
  ...
  [-3.35937500e-01  4.66796875e-01 -1.51367188e-01 ...  5.42968750e-01
   -4.51171875e-01  4.02343750e-01]
  [-2.59765625e-01  3.00781250e-01 -6.29882812e-02 ...  7.92968750e-01
   -1.40625000e-01  6.48437500e-01]
  [-3.35937500e-01  4.08203125e-01 -7.66601562e-02 ...  6.48437500e-01
   -4.08203125e-01  7.96875000e-01]]

 [[-4.10156250e-01  5.19531250e-01 -2.01171875e-01 ...  6.01562500e-01
    1.56250000e-01  8.24218750e-01]
  [-3.26171875e-01  1.90429688e-01  8.00781250e-02 ...  9.02343750e-01
    1.34765625e-01  6.99218750e-01]
  [-8.49609375e-02  2.92968750e-01 -5.02929688e-02 ...  7.53906250e-01
    4.43359375e-01  7.81250000e-01]
  ...
  [-2.69531250e-01  4.60937500e-01 -3.29589844e-02 ...  8.35937500e-01
   -9.22851562e-02  7.14843750e-01]
  [-3.65234375e-01  1.79687500e-01  7.27539062e-02 ...  1.00781250e+00
   -2.29492188e-01  7.81250000e-01]
  [-4.86328125e-01  4.17968750e-01 -1.10839844e-01 ...  5.82031250e-01
   -7.57812500e-01  7.34375000e-01]]

 ...

 [[-1.08398438e-01  1.96289062e-01 -1.24023438e-01 ...  9.61914062e-02
   -6.05468750e-02  4.74609375e-01]
  [ 2.50000000e-01 -2.13867188e-01 -8.49609375e-02 ...  1.51367188e-01
    3.98437500e-01  6.64062500e-01]
  [-3.32031250e-02 -1.10351562e-01 -6.39648438e-02 ...  2.30468750e-01
    1.86523438e-01  2.44140625e-01]
  ...
  [ 9.27734375e-02 -4.88281250e-02 -1.98974609e-02 ...  2.89062500e-01
    2.61718750e-01  4.06250000e-01]
  [-2.40234375e-01 -2.67578125e-01 -3.75976562e-02 ...  4.10156250e-01
   -1.22558594e-01  1.90429688e-01]
  [ 2.52685547e-02  3.06640625e-01 -1.15234375e-01 ...  4.24804688e-02
   -7.32421875e-02  4.00390625e-02]]

 [[-9.38415527e-04 -2.06054688e-01  2.81250000e-01 ...  3.35937500e-01
    6.09375000e-01  1.89453125e-01]
  [-1.11328125e-01 -3.55468750e-01  2.09960938e-01 ...  3.67187500e-01
    2.91015625e-01  1.52343750e-01]
  [ 3.82812500e-01 -3.90625000e-01 -5.81054688e-02 ...  1.66015625e-01
    4.58984375e-01  6.71875000e-01]
  ...
  [-1.19628906e-01  4.12109375e-01 -1.67968750e-01 ...  7.76367188e-02
   -4.29687500e-02  2.46582031e-02]
  [ 3.53515625e-01 -4.02343750e-01 -1.05957031e-01 ...  3.84765625e-01
    5.93750000e-01  8.78906250e-01]
  [ 2.12402344e-02 -1.86523438e-01  3.46679688e-02 ...  3.33984375e-01
   -8.44726562e-02  3.06640625e-01]]

 [[-3.37890625e-01  1.60156250e-01 -1.25000000e-01 ...  1.49414062e-01
   -4.37500000e-01  3.92578125e-01]
  [-1.62109375e-01  1.09863281e-01 -2.31933594e-02 ...  1.55273438e-01
    2.08984375e-01  4.22363281e-02]
  [ 1.79687500e-01 -1.30859375e-01 -2.19726562e-01 ...  1.01562500e-01
    1.30615234e-02  6.48437500e-01]
  ...
  [-4.78515625e-02  1.01074219e-01 -1.08032227e-02 ...  2.51953125e-01
    2.34375000e-01  8.59375000e-02]
  [-1.41601562e-01 -4.39453125e-01 -2.70996094e-02 ...  4.82421875e-01
   -1.48437500e-01  5.50781250e-01]
  [ 1.28906250e-01 -3.88671875e-01  2.46093750e-01 ...  4.19921875e-01
    3.28125000e-01  1.94335938e-01]]]
after action_decoder, noise_pred is[[[-1.0859375  -0.27734375 -2.40625   ]
  [-0.11376953 -0.06738281 -0.56640625]
  [-0.7578125  -0.21289062 -0.98046875]
  ...
  [ 0.17382812  0.265625   -0.25      ]
  [ 0.83984375  1.5859375  -0.0300293 ]
  [ 0.43945312  1.171875   -0.8359375 ]]

 [[-0.359375   -1.3203125  -0.85546875]
  [-0.62109375  0.17675781 -0.13964844]
  [ 0.3828125   0.83203125 -1.421875  ]
  ...
  [ 0.23632812 -0.55859375  0.47070312]
  [-0.75        0.09521484  0.0133667 ]
  [ 0.14453125 -0.55859375 -0.38085938]]

 [[-0.42382812 -1.15625    -0.84375   ]
  [-0.60546875  0.45898438  0.06079102]
  [-1.4140625  -0.3203125  -0.45703125]
  ...
  [-0.7421875   0.07177734 -1.1328125 ]
  [-0.54296875  1.171875   -0.71875   ]
  [ 0.921875   -0.578125   -0.10449219]]

 ...

 [[-0.02380371 -0.6015625  -1.1796875 ]
  [-1.453125   -0.26171875 -2.046875  ]
  [-0.5859375   0.265625   -0.40625   ]
  ...
  [-0.89453125  0.3203125  -0.91015625]
  [ 0.375       1.765625    0.8984375 ]
  [-0.07617188 -0.76171875  1.28125   ]]

 [[-1.5625      1.5625     -0.33789062]
  [-0.34765625  2.09375    -0.25195312]
  [-1.6796875  -0.14746094 -2.390625  ]
  ...
  [-0.02001953 -0.82421875  0.875     ]
  [-2.390625    0.4609375  -1.4921875 ]
  [ 0.375       1.0859375  -0.33007812]]

 [[ 1.5         0.22265625 -0.92578125]
  [-0.66015625  0.0038147   0.703125  ]
  [-0.3828125  -0.83203125 -2.015625  ]
  ...
  [-0.65234375  0.36328125  0.4765625 ]
  [ 0.51171875  1.984375   -0.46289062]
  [-0.65625     2.3125      0.4921875 ]]]
after action_encoder, latent_features is[[[-6.39648438e-02  1.33789062e-01 -5.93750000e-01 ... -7.73437500e-01
    3.59375000e-01 -7.69531250e-01]
  [ 4.37500000e-01  3.73046875e-01 -4.57031250e-01 ... -6.15234375e-02
   -1.75781250e-01  1.34277344e-02]
  [ 2.51953125e-01  2.45117188e-01 -5.78125000e-01 ... -2.63671875e-01
   -1.72851562e-01 -3.37890625e-01]
  ...
  [ 4.84375000e-01  4.92187500e-01 -3.59375000e-01 ...  4.10156250e-02
   -3.18359375e-01  1.91406250e-01]
  [ 6.25000000e-01  1.04687500e+00  2.15820312e-01 ...  1.83593750e-01
   -2.08984375e-01  9.92187500e-01]
  [ 3.96484375e-01  8.08593750e-01  2.47802734e-02 ... -1.54296875e-01
    5.02929688e-02  4.88281250e-01]]

 [[ 3.49609375e-01 -1.36718750e-01 -9.64843750e-01 ... -1.96289062e-01
   -1.33789062e-01 -6.64062500e-01]
  [ 4.64843750e-01  4.27734375e-01 -4.60937500e-01 ...  8.78906250e-02
   -5.39062500e-01  7.51953125e-02]
  [ 3.02734375e-01  7.07031250e-01 -2.24609375e-02 ... -3.57421875e-01
    3.57421875e-01  2.98828125e-01]
  ...
  [ 6.52343750e-01  2.08984375e-01 -7.10937500e-01 ...  3.08593750e-01
   -6.56250000e-01  1.94091797e-02]
  [ 4.08203125e-01  3.33984375e-01 -5.78125000e-01 ...  7.42187500e-02
   -6.87500000e-01 -1.08886719e-01]
  [ 4.37500000e-01  1.41601562e-01 -7.03125000e-01 ... -5.39550781e-02
   -2.40234375e-01 -2.57812500e-01]]

 [[ 3.51562500e-01 -7.32421875e-02 -9.06250000e-01 ... -1.81640625e-01
   -1.61132812e-01 -5.93750000e-01]
  [ 5.19531250e-01  5.46875000e-01 -3.55468750e-01 ...  1.83593750e-01
   -6.28906250e-01  2.67578125e-01]
  [ 2.85156250e-01  1.75781250e-01 -7.22656250e-01 ... -9.03320312e-02
   -6.13281250e-01 -4.21875000e-01]
  ...
  [ 1.66992188e-01  3.10546875e-01 -5.03906250e-01 ... -3.57421875e-01
   -1.43554688e-01 -3.55468750e-01]
  [ 2.77343750e-01  7.38281250e-01 -9.42382812e-02 ... -1.74804688e-01
   -2.75390625e-01  2.48046875e-01]
  [ 5.97656250e-01  2.13867188e-01 -6.21093750e-01 ...  8.93554688e-02
   -1.50390625e-01  1.25122070e-02]]

 ...

 [[ 3.98437500e-01  2.20703125e-01 -5.82031250e-01 ... -1.66992188e-01
   -3.46374512e-03 -1.88476562e-01]
  [ 3.44238281e-02  2.33398438e-01 -5.39062500e-01 ... -5.74218750e-01
    8.54492188e-02 -5.70312500e-01]
  [ 4.39453125e-01  5.42968750e-01 -3.14453125e-01 ...  7.41577148e-03
   -3.53515625e-01  1.93359375e-01]
  ...
  [ 2.36328125e-01  4.58984375e-01 -3.80859375e-01 ... -2.27539062e-01
   -2.96875000e-01 -1.22070312e-01]
  [ 6.28906250e-01  1.06250000e+00  1.78710938e-01 ...  2.94921875e-01
   -5.35156250e-01  9.84375000e-01]
  [ 7.18750000e-01  1.84570312e-01 -7.92968750e-01 ...  4.90234375e-01
   -1.00000000e+00  3.68652344e-02]]

 [[ 3.98437500e-01  9.41406250e-01  3.29589844e-02 ...  1.13769531e-01
   -7.42187500e-01  5.70312500e-01]
  [ 5.03906250e-01  1.19531250e+00  3.51562500e-01 ...  1.06933594e-01
   -3.41796875e-01  1.01562500e+00]
  [-6.07910156e-02  2.67578125e-01 -4.88281250e-01 ... -7.03125000e-01
    1.72851562e-01 -6.28906250e-01]
  ...
  [ 6.56250000e-01  1.70898438e-01 -7.73437500e-01 ...  3.61328125e-01
   -8.00781250e-01 -2.95410156e-02]
  [-1.71875000e-01  3.63281250e-01 -4.51171875e-01 ... -6.83593750e-01
   -2.24609375e-01 -6.79687500e-01]
  [ 4.90234375e-01  8.00781250e-01 -3.36914062e-02 ...  3.54003906e-02
   -2.33398438e-01  5.54687500e-01]]

 [[ 6.32812500e-01  5.97656250e-01 -1.58203125e-01 ...  1.10626221e-03
    2.92968750e-01  5.31250000e-01]
  [ 6.36718750e-01  4.78515625e-01 -4.60937500e-01 ...  3.63281250e-01
   -8.20312500e-01  2.98828125e-01]
  [ 1.61132812e-01  9.61914062e-02 -6.44531250e-01 ... -5.31250000e-01
    3.33984375e-01 -5.62500000e-01]
  ...
  [ 5.19531250e-01  5.39062500e-01 -3.90625000e-01 ...  2.33398438e-01
   -7.89062500e-01  2.39257812e-01]
  [ 3.94531250e-01  1.09375000e+00  3.18359375e-01 ... -1.41601562e-01
    5.56640625e-02  8.16406250e-01]
  [ 5.23437500e-01  1.19531250e+00  2.77343750e-01 ...  2.79296875e-01
   -8.00781250e-01  9.96093750e-01]]]
after pos_encoding, pos_embed is[[[ 0.          0.          0.         ...  1.          1.
    1.        ]
  [ 0.841471    0.8152507   0.78859305 ...  1.          1.
    1.        ]
  [ 0.90929747  0.94423676  0.9698361  ...  1.          1.
    1.        ]
  ...
  [-0.6636339   0.591275    0.9371143  ...  0.9999944   0.99999493
    0.99999535]
  [-0.9880316  -0.31506237  0.85148275 ...  0.999994    0.9999946
    0.99999505]
  [-0.40403765 -0.9561863   0.1100651  ...  0.99999356  0.99999416
    0.9999947 ]]]
after traj_dit, noise_pred is[[[-0.2734375   0.62890625 -0.09228516 ...  0.83984375  0.34375
    0.98046875]
  [-0.484375    0.40429688  0.00811768 ...  0.91796875 -0.08691406
    0.7734375 ]
  [-0.27148438  0.38671875 -0.01940918 ...  0.921875    0.13378906
    0.83984375]
  ...
  [-0.41796875  0.3671875  -0.02575684 ...  0.84375    -0.4921875
    0.56640625]
  [-0.59765625  0.10253906  0.10058594 ...  1.         -0.80859375
    0.625     ]
  [-0.515625    0.16796875  0.16894531 ...  1.015625   -0.5546875
    0.91015625]]

 [[-0.5078125   0.625      -0.26367188 ...  0.6484375   0.08642578
    0.8359375 ]
  [-0.41796875  0.28515625  0.03088379 ...  0.93359375  0.12890625
    0.7109375 ]
  [-0.40234375  0.26757812  0.12158203 ...  0.95703125 -0.26757812
    0.98828125]
  ...
  [-0.37109375  0.49804688 -0.16601562 ...  0.625      -0.49609375
    0.42578125]
  [-0.29296875  0.30078125 -0.07128906 ...  0.89453125 -0.20214844
    0.67578125]
  [-0.34179688  0.421875   -0.078125   ...  0.7421875  -0.4453125
    0.8359375 ]]

 [[-0.46484375  0.60546875 -0.21289062 ...  0.70703125  0.13964844
    0.8046875 ]
  [-0.38671875  0.24707031  0.07128906 ...  0.9921875   0.11914062
    0.65625   ]
  [-0.15234375  0.328125   -0.04736328 ...  0.8671875   0.41992188
    0.74609375]
  ...
  [-0.296875    0.45898438 -0.03564453 ...  0.91796875 -0.16601562
    0.734375  ]
  [-0.39257812  0.16992188  0.07666016 ...  1.109375   -0.28515625
    0.82421875]
  [-0.49023438  0.43945312 -0.12792969 ...  0.67578125 -0.78125
    0.7734375 ]]

 ...

 [[-0.1484375   0.22265625 -0.10888672 ...  0.12890625 -0.09814453
    0.47460938]
  [ 0.22167969 -0.18359375 -0.07373047 ...  0.19335938  0.35546875
    0.6484375 ]
  [-0.07666016 -0.1015625  -0.06225586 ...  0.27148438  0.15136719
    0.23730469]
  ...
  [ 0.05810547 -0.01599121  0.00302124 ...  0.30859375  0.20117188
    0.43164062]
  [-0.29296875 -0.28515625 -0.01306152 ...  0.4453125  -0.15820312
    0.22851562]
  [-0.01245117  0.30078125 -0.10791016 ...  0.09814453 -0.09912109
    0.08349609]]

 [[-0.0378418  -0.19335938  0.296875   ...  0.37695312  0.55859375
    0.18847656]
  [-0.15429688 -0.35351562  0.23730469 ...  0.39453125  0.27539062
    0.15234375]
  [ 0.359375   -0.37695312 -0.04077148 ...  0.203125    0.41796875
    0.62109375]
  ...
  [-0.17089844  0.43359375 -0.15722656 ...  0.10009766 -0.08007812
    0.05126953]
  [ 0.3125     -0.39453125 -0.09863281 ...  0.43554688  0.54296875
    0.8984375 ]
  [-0.00151062 -0.19921875  0.04370117 ...  0.38085938 -0.10888672
    0.33203125]]

 [[-0.39648438  0.17480469 -0.10839844 ...  0.1796875  -0.45117188
    0.39648438]
  [-0.21679688  0.10351562 -0.01422119 ...  0.20117188  0.18164062
    0.04980469]
  [ 0.15234375 -0.12011719 -0.21972656 ...  0.14746094 -0.01135254
    0.62890625]
  ...
  [-0.08203125  0.12792969  0.00183105 ...  0.28125     0.19140625
    0.109375  ]
  [-0.19335938 -0.45898438 -0.00842285 ...  0.52734375 -0.16992188
    0.58984375]
  [ 0.11230469 -0.40429688  0.2578125  ...  0.47070312  0.3046875
    0.21972656]]]
after action_decoder, noise_pred is[[[-1.1093750e+00 -3.3203125e-01 -2.3750000e+00]
  [-1.1718750e-01 -1.0058594e-01 -5.4296875e-01]
  [-7.6562500e-01 -2.4707031e-01 -9.7656250e-01]
  ...
  [ 1.7285156e-01  2.3339844e-01 -2.3437500e-01]
  [ 8.3984375e-01  1.5781250e+00 -5.9570312e-02]
  [ 4.3750000e-01  1.1562500e+00 -8.1640625e-01]]

 [[-3.5937500e-01 -1.3828125e+00 -8.1640625e-01]
  [-6.5625000e-01  1.4062500e-01 -1.0498047e-01]
  [ 3.7890625e-01  8.2031250e-01 -1.4062500e+00]
  ...
  [ 2.3535156e-01 -6.0937500e-01  5.0390625e-01]
  [-7.7734375e-01  5.0781250e-02 -2.9907227e-03]
  [ 1.4257812e-01 -6.0937500e-01 -3.4570312e-01]]

 [[-4.3554688e-01 -1.2109375e+00 -7.8906250e-01]
  [-6.3281250e-01  4.4140625e-01  1.0888672e-01]
  [-1.4375000e+00 -3.4179688e-01 -4.4140625e-01]
  ...
  [-7.5000000e-01  2.8686523e-02 -1.1328125e+00]
  [-5.6640625e-01  1.1562500e+00 -7.5781250e-01]
  [ 9.3359375e-01 -6.2500000e-01 -6.8847656e-02]]

 ...

 [[-2.4291992e-02 -6.0937500e-01 -1.1953125e+00]
  [-1.4375000e+00 -2.7148438e-01 -2.0312500e+00]
  [-5.9375000e-01  2.5976562e-01 -4.0429688e-01]
  ...
  [-8.9062500e-01  3.2421875e-01 -9.1406250e-01]
  [ 3.6523438e-01  1.7812500e+00  8.7890625e-01]
  [-8.0566406e-02 -7.6953125e-01  1.2734375e+00]]

 [[-1.5703125e+00  1.5625000e+00 -4.2968750e-01]
  [-3.4960938e-01  2.0781250e+00 -2.2558594e-01]
  [-1.6718750e+00 -1.6601562e-01 -2.3750000e+00]
  ...
  [-1.9042969e-02 -8.2812500e-01  8.6328125e-01]
  [-2.3906250e+00  4.5898438e-01 -1.4609375e+00]
  [ 3.7304688e-01  1.0937500e+00 -3.3789062e-01]]

 [[ 1.5078125e+00  2.2167969e-01 -9.4140625e-01]
  [-6.7187500e-01 -1.4343262e-03  7.1093750e-01]
  [-3.8671875e-01 -8.5156250e-01 -2.0312500e+00]
  ...
  [-6.5234375e-01  3.6523438e-01  4.6875000e-01]
  [ 4.9414062e-01  2.0000000e+00 -4.4335938e-01]
  [-6.6015625e-01  2.3125000e+00  4.8242188e-01]]]
after action_encoder, latent_features is[[[ 0.03027344  0.18066406 -0.56640625 ... -0.63671875  0.25195312
   -0.62109375]
  [ 0.4609375   0.38671875 -0.44726562 ... -0.0267334  -0.20703125
    0.0534668 ]
  [ 0.30078125  0.28125    -0.55078125 ... -0.20019531 -0.20214844
   -0.24609375]
  ...
  [ 0.48828125  0.48242188 -0.37304688 ...  0.05004883 -0.33789062
    0.18261719]
  [ 0.59375     0.94921875  0.11816406 ...  0.14941406 -0.21875
    0.84765625]
  [ 0.41015625  0.75       -0.04638672 ... -0.1171875  -0.02502441
    0.43164062]]

 [[ 0.38867188 -0.04882812 -0.88671875 ... -0.13476562 -0.18066406
   -0.52734375]
  [ 0.48242188  0.4375     -0.44921875 ...  0.09912109 -0.515625
    0.10595703]
  [ 0.34375     0.67578125 -0.07275391 ... -0.28320312  0.25390625
    0.296875  ]
  ...
  [ 0.62890625  0.24023438 -0.671875   ...  0.27734375 -0.625
    0.03393555]
  [ 0.40820312  0.34179688 -0.5625     ...  0.05493164 -0.62890625
   -0.09375   ]
  [ 0.4453125   0.1796875  -0.671875   ... -0.03222656 -0.2734375
   -0.20703125]]

 [[ 0.38867188  0.00479126 -0.8359375  ... -0.12304688 -0.20410156
   -0.46484375]
  [ 0.53125     0.5390625  -0.359375   ...  0.18066406 -0.59375
    0.27148438]
  [ 0.32617188  0.22070312 -0.671875   ... -0.05444336 -0.578125
   -0.3203125 ]
  ...
  [ 0.21582031  0.328125   -0.49609375 ... -0.29101562 -0.18847656
   -0.28320312]
  [ 0.296875    0.6875     -0.14648438 ... -0.15820312 -0.2734375
    0.2109375 ]
  [ 0.5859375   0.24121094 -0.6015625  ...  0.09130859 -0.19628906
    0.02441406]]

 ...

 [[ 0.4296875   0.2578125  -0.55859375 ... -0.10986328 -0.06982422
   -0.11669922]
  [ 0.11279297  0.26757812 -0.51953125 ... -0.47070312  0.0222168
   -0.44921875]
  [ 0.45898438  0.53515625 -0.32226562 ...  0.02941895 -0.35546875
    0.20898438]
  ...
  [ 0.27539062  0.453125   -0.390625   ... -0.18066406 -0.31640625
   -0.08642578]
  [ 0.59765625  0.96484375  0.08642578 ...  0.24609375 -0.5
    0.84375   ]
  [ 0.6875      0.21679688 -0.74609375 ...  0.43554688 -0.921875
    0.04638672]]

 [[ 0.43359375  0.875      -0.02966309 ...  0.13867188 -0.71484375
    0.54296875]
  [ 0.51171875  1.09375     0.24609375 ...  0.11279297 -0.34375
    0.91015625]
  [ 0.02954102  0.30078125 -0.46875    ... -0.58203125  0.10058594
   -0.49609375]
  ...
  [ 0.63671875  0.20800781 -0.7265625  ...  0.32421875 -0.75
   -0.00665283]
  [-0.09228516  0.36523438 -0.45117188 ... -0.59765625 -0.22265625
   -0.5859375 ]
  [ 0.49023438  0.7421875  -0.09570312 ...  0.04443359 -0.26757812
    0.49023438]]

 [[ 0.6328125   0.58203125 -0.19335938 ...  0.03344727  0.1875
    0.5       ]
  [ 0.62890625  0.48046875 -0.44921875 ...  0.33398438 -0.7578125
    0.29882812]
  [ 0.22167969  0.15332031 -0.60546875 ... -0.43164062  0.234375
   -0.44140625]
  ...
  [ 0.51953125  0.5234375  -0.40039062 ...  0.21484375 -0.73828125
    0.22363281]
  [ 0.39453125  0.9921875   0.20605469 ... -0.13183594  0.01165771
    0.6953125 ]
  [ 0.51953125  1.078125    0.16796875 ...  0.25195312 -0.75390625
    0.8671875 ]]]
after pos_encoding, pos_embed is[[[ 0.          0.          0.         ...  1.          1.
    1.        ]
  [ 0.841471    0.8152507   0.78859305 ...  1.          1.
    1.        ]
  [ 0.90929747  0.94423676  0.9698361  ...  1.          1.
    1.        ]
  ...
  [-0.6636339   0.591275    0.9371143  ...  0.9999944   0.99999493
    0.99999535]
  [-0.9880316  -0.31506237  0.85148275 ...  0.999994    0.9999946
    0.99999505]
  [-0.40403765 -0.9561863   0.1100651  ...  0.99999356  0.99999416
    0.9999947 ]]]
after traj_dit, noise_pred is[[[-0.34570312  0.61328125 -0.11572266 ...  0.82421875  0.40234375
    1.046875  ]
  [-0.546875    0.38476562 -0.01977539 ...  0.91796875 -0.04418945
    0.8125    ]
  [-0.33007812  0.37890625 -0.06494141 ...  0.93359375  0.16894531
    0.8984375 ]
  ...
  [-0.421875    0.34375    -0.04174805 ...  0.8671875  -0.5859375
    0.6015625 ]
  [-0.59375     0.07373047  0.07177734 ...  1.0546875  -0.92578125
    0.6640625 ]
  [-0.50390625  0.14355469  0.13378906 ...  1.046875   -0.640625
    0.94921875]]

 [[-0.56640625  0.59375    -0.31054688 ...  0.63671875  0.13964844
    0.89453125]
  [-0.4765625   0.24316406  0.00582886 ...  0.9296875   0.16113281
    0.76171875]
  [-0.4609375   0.265625    0.08691406 ...  0.9765625  -0.27539062
    1.046875  ]
  ...
  [-0.3671875   0.46484375 -0.18945312 ...  0.640625   -0.56640625
    0.48046875]
  [-0.27539062  0.26367188 -0.109375   ...  0.921875   -0.25585938
    0.75      ]
  [-0.31640625  0.40234375 -0.13085938 ...  0.765625   -0.484375
    0.90234375]]

 [[-0.5078125   0.58203125 -0.24707031 ...  0.69140625  0.20703125
    0.859375  ]
  [-0.43359375  0.21777344  0.05395508 ...  0.98046875  0.1484375
    0.71484375]
  [-0.18457031  0.29882812 -0.08349609 ...  0.85546875  0.46875
    0.8125    ]
  ...
  [-0.27539062  0.45117188 -0.05932617 ...  0.91015625 -0.2265625
    0.7578125 ]
  [-0.38085938  0.15332031  0.05175781 ...  1.140625   -0.36914062
    0.88671875]
  [-0.47265625  0.42773438 -0.17871094 ...  0.703125   -0.8203125
    0.8203125 ]]

 ...

 [[-0.21191406  0.24902344 -0.10791016 ...  0.12890625 -0.08447266
    0.49609375]
  [ 0.17089844 -0.15820312 -0.08544922 ...  0.21191406  0.36132812
    0.65234375]
  [-0.11474609 -0.08398438 -0.06787109 ...  0.29296875  0.1640625
    0.24609375]
  ...
  [ 0.01599121  0.00192261  0.02600098 ...  0.30078125  0.18359375
    0.4609375 ]
  [-0.32226562 -0.2734375   0.00169373 ...  0.45703125 -0.16113281
    0.29101562]
  [-0.04663086  0.2890625  -0.08007812 ...  0.11230469 -0.08496094
    0.10400391]]

 [[-0.08496094 -0.16015625  0.28515625 ...  0.375       0.55078125
    0.18945312]
  [-0.18457031 -0.35351562  0.24316406 ...  0.3828125   0.28320312
    0.16015625]
  [ 0.31835938 -0.35351562 -0.05444336 ...  0.20996094  0.42382812
    0.59765625]
  ...
  [-0.22851562  0.45117188 -0.12890625 ...  0.1015625  -0.07861328
    0.08496094]
  [ 0.2734375  -0.38867188 -0.08496094 ...  0.453125    0.5234375
    0.94921875]
  [-0.02087402 -0.20996094  0.0612793  ...  0.39453125 -0.09033203
    0.35546875]]

 [[-0.46289062  0.1953125  -0.11523438 ...  0.18554688 -0.42578125
    0.42578125]
  [-0.26757812  0.10595703 -0.00772095 ...  0.20996094  0.19433594
    0.07421875]
  [ 0.09521484 -0.10009766 -0.23730469 ...  0.17089844  0.0177002
    0.62109375]
  ...
  [-0.12597656  0.14453125  0.03393555 ...  0.27539062  0.18554688
    0.14257812]
  [-0.21972656 -0.44921875 -0.01037598 ...  0.5390625  -0.15917969
    0.64453125]
  [ 0.11425781 -0.42578125  0.26953125 ...  0.46875     0.3046875
    0.24023438]]]
after action_decoder, noise_pred is[[[-1.17968750e+00 -3.16406250e-01 -2.42187500e+00]
  [-1.39648438e-01 -6.73828125e-02 -6.05468750e-01]
  [-7.81250000e-01 -1.90429688e-01 -1.06250000e+00]
  ...
  [ 1.53320312e-01  2.59765625e-01 -2.73437500e-01]
  [ 8.35937500e-01  1.60156250e+00 -1.46484375e-01]
  [ 4.06250000e-01  1.17968750e+00 -8.43750000e-01]]

 [[-4.02343750e-01 -1.37500000e+00 -8.59375000e-01]
  [-6.91406250e-01  1.75781250e-01 -1.66015625e-01]
  [ 3.86718750e-01  8.82812500e-01 -1.47656250e+00]
  ...
  [ 2.31445312e-01 -5.82031250e-01  4.84375000e-01]
  [-8.39843750e-01  7.27539062e-02 -1.06445312e-01]
  [ 1.07910156e-01 -5.97656250e-01 -3.94531250e-01]]

 [[-4.76562500e-01 -1.18750000e+00 -8.28125000e-01]
  [-6.67968750e-01  4.82421875e-01  6.07910156e-02]
  [-1.47656250e+00 -2.85156250e-01 -5.15625000e-01]
  ...
  [-7.96875000e-01  4.83398438e-02 -1.17187500e+00]
  [-6.25000000e-01  1.17187500e+00 -8.67187500e-01]
  [ 9.21875000e-01 -5.97656250e-01 -9.66796875e-02]]

 ...

 [[-2.72216797e-02 -6.25000000e-01 -1.17968750e+00]
  [-1.44531250e+00 -2.79296875e-01 -2.04687500e+00]
  [-6.01562500e-01  2.63671875e-01 -4.00390625e-01]
  ...
  [-8.98437500e-01  3.26171875e-01 -9.21875000e-01]
  [ 3.59375000e-01  1.78125000e+00  8.71093750e-01]
  [-8.00781250e-02 -7.73437500e-01  1.28125000e+00]]

 [[-1.57031250e+00  1.50000000e+00 -4.66796875e-01]
  [-3.53515625e-01  2.04687500e+00 -2.05078125e-01]
  [-1.67968750e+00 -1.80664062e-01 -2.35937500e+00]
  ...
  [-2.08740234e-02 -8.32031250e-01  8.51562500e-01]
  [-2.37500000e+00  4.53125000e-01 -1.39843750e+00]
  [ 3.75000000e-01  1.09375000e+00 -3.37890625e-01]]

 [[ 1.50000000e+00  2.15820312e-01 -9.29687500e-01]
  [-6.67968750e-01  9.84191895e-04  7.22656250e-01]
  [-3.90625000e-01 -8.47656250e-01 -2.01562500e+00]
  ...
  [-6.56250000e-01  3.65234375e-01  4.62890625e-01]
  [ 4.88281250e-01  1.98437500e+00 -4.23828125e-01]
  [-6.67968750e-01  2.28125000e+00  4.86328125e-01]]]
after action_encoder, latent_features is[[[ 0.125       0.2265625  -0.54296875 ... -0.5         0.14355469
   -0.47265625]
  [ 0.48242188  0.40234375 -0.43945312 ...  0.00787354 -0.23730469
    0.09228516]
  [ 0.34960938  0.31445312 -0.5234375  ... -0.13769531 -0.23242188
   -0.15527344]
  ...
  [ 0.4921875   0.47265625 -0.38476562 ...  0.05908203 -0.35546875
    0.17382812]
  [ 0.56640625  0.85546875  0.02246094 ...  0.11523438 -0.22753906
    0.70703125]
  [ 0.42578125  0.6953125  -0.11523438 ... -0.08056641 -0.09863281
    0.37890625]]

 [[ 0.42578125  0.03857422 -0.8046875  ... -0.07568359 -0.22558594
   -0.38671875]
  [ 0.5         0.4453125  -0.4375     ...  0.10986328 -0.49023438
    0.13769531]
  [ 0.3828125   0.6484375  -0.12255859 ... -0.20996094  0.15234375
    0.296875  ]
  ...
  [ 0.609375    0.27148438 -0.63671875 ...  0.24804688 -0.59375
    0.04882812]
  [ 0.40820312  0.34960938 -0.54296875 ...  0.03588867 -0.5703125
   -0.07861328]
  [ 0.45507812  0.21875    -0.63671875 ... -0.00946045 -0.30664062
   -0.15527344]]

 [[ 0.42773438  0.08447266 -0.76171875 ... -0.06494141 -0.24511719
   -0.33398438]
  [ 0.5390625   0.53125    -0.36328125 ...  0.17773438 -0.55859375
    0.2734375 ]
  [ 0.36914062  0.265625   -0.62109375 ... -0.0189209  -0.5390625
   -0.21679688]
  ...
  [ 0.265625    0.34570312 -0.48828125 ... -0.22363281 -0.23242188
   -0.21386719]
  [ 0.31445312  0.63671875 -0.19824219 ... -0.14453125 -0.27148438
    0.171875  ]
  [ 0.5703125   0.26953125 -0.578125   ...  0.09277344 -0.24316406
    0.03637695]]

 ...

 [[ 0.46289062  0.29492188 -0.53125    ... -0.05273438 -0.13574219
   -0.04370117]
  [ 0.19140625  0.30273438 -0.49609375 ... -0.3671875  -0.04101562
   -0.32617188]
  [ 0.48046875  0.52734375 -0.33007812 ...  0.05102539 -0.35742188
    0.22363281]
  ...
  [ 0.31445312  0.44921875 -0.40039062 ... -0.13378906 -0.3359375
   -0.05004883]
  [ 0.56640625  0.8671875  -0.00601196 ...  0.19726562 -0.46679688
    0.69921875]
  [ 0.65625     0.25       -0.69921875 ...  0.37890625 -0.84375
    0.0559082 ]]

 [[ 0.47265625  0.81640625 -0.08837891 ...  0.16601562 -0.6875
    0.515625  ]
  [ 0.5234375   0.9921875   0.14550781 ...  0.11767578 -0.34570312
    0.80859375]
  [ 0.12011719  0.33398438 -0.45117188 ... -0.4609375   0.02758789
   -0.36328125]
  ...
  [ 0.61328125  0.24414062 -0.6796875  ...  0.2890625  -0.703125
    0.01623535]
  [-0.01544189  0.3671875  -0.45117188 ... -0.51953125 -0.21972656
   -0.49804688]
  [ 0.4921875   0.6875     -0.15820312 ...  0.0534668  -0.30078125
    0.42578125]]

 [[ 0.62890625  0.56640625 -0.2265625  ...  0.06591797  0.08154297
    0.47265625]
  [ 0.62109375  0.48242188 -0.4375     ...  0.30664062 -0.69140625
    0.296875  ]
  [ 0.28320312  0.20996094 -0.56640625 ... -0.33398438  0.13378906
   -0.31640625]
  ...
  [ 0.515625    0.50390625 -0.40820312 ...  0.19628906 -0.6875
    0.20800781]
  [ 0.39648438  0.890625    0.09619141 ... -0.12255859 -0.03222656
    0.578125  ]
  [ 0.515625    0.96875     0.0625     ...  0.2265625  -0.703125
    0.73828125]]]
after pos_encoding, pos_embed is[[[ 0.          0.          0.         ...  1.          1.
    1.        ]
  [ 0.841471    0.8152507   0.78859305 ...  1.          1.
    1.        ]
  [ 0.90929747  0.94423676  0.9698361  ...  1.          1.
    1.        ]
  ...
  [-0.6636339   0.591275    0.9371143  ...  0.9999944   0.99999493
    0.99999535]
  [-0.9880316  -0.31506237  0.85148275 ...  0.999994    0.9999946
    0.99999505]
  [-0.40403765 -0.9561863   0.1100651  ...  0.99999356  0.99999416
    0.9999947 ]]]
after traj_dit, noise_pred is[[[-0.48242188  0.71875    -0.171875   ...  0.89453125  0.44726562
    1.140625  ]
  [-0.6953125   0.48632812 -0.09375    ...  0.98828125 -0.02380371
    0.85546875]
  [-0.48242188  0.42578125 -0.16992188 ...  1.0078125   0.21777344
    0.93359375]
  ...
  [-0.48828125  0.39453125 -0.08642578 ...  0.9140625  -0.61328125
    0.6015625 ]
  [-0.6484375   0.14648438  0.01672363 ...  1.140625   -0.921875
    0.69921875]
  [-0.52734375  0.22949219  0.05883789 ...  1.125      -0.63671875
    0.984375  ]]

 [[-0.73046875  0.73046875 -0.37890625 ...  0.671875    0.16699219
    0.9375    ]
  [-0.640625    0.30664062 -0.07275391 ...  0.9609375   0.17773438
    0.81640625]
  [-0.60546875  0.28125    -0.01599121 ...  1.0234375  -0.20605469
    1.109375  ]
  ...
  [-0.43359375  0.54296875 -0.22363281 ...  0.671875   -0.55859375
    0.47070312]
  [-0.31445312  0.34375    -0.18066406 ...  0.96484375 -0.2734375
    0.76171875]
  [-0.34179688  0.515625   -0.21777344 ...  0.80078125 -0.46289062
    0.90625   ]]

 [[-0.6484375   0.71875    -0.3046875  ...  0.73828125  0.22851562
    0.91015625]
  [-0.5703125   0.2890625  -0.01599121 ...  1.015625    0.17675781
    0.78515625]
  [-0.3359375   0.33203125 -0.17773438 ...  0.890625    0.50390625
    0.85546875]
  ...
  [-0.31640625  0.51953125 -0.10986328 ...  0.9375     -0.25
    0.7578125 ]
  [-0.40625     0.22851562 -0.0255127  ...  1.203125   -0.38867188
    0.91796875]
  [-0.515625    0.546875   -0.25195312 ...  0.75       -0.8046875
    0.84375   ]]

 ...

 [[-0.26757812  0.2890625  -0.10986328 ...  0.15332031 -0.08496094
    0.4765625 ]
  [ 0.14257812 -0.13085938 -0.10693359 ...  0.23925781  0.34179688
    0.625     ]
  [-0.14550781 -0.07080078 -0.09375    ...  0.32617188  0.15527344
    0.20800781]
  ...
  [ 0.01257324  0.01904297  0.06103516 ...  0.328125    0.15039062
    0.4453125 ]
  [-0.33789062 -0.26953125  0.01165771 ...  0.50390625 -0.15527344
    0.30664062]
  [-0.0546875   0.29296875 -0.06738281 ...  0.16210938 -0.09472656
    0.10400391]]

 [[-0.11914062 -0.10839844  0.26367188 ...  0.37695312  0.51953125
    0.14160156]
  [-0.20996094 -0.33789062  0.24023438 ...  0.38476562  0.30078125
    0.1328125 ]
  [ 0.29882812 -0.33203125 -0.08496094 ...  0.23144531  0.41601562
    0.515625  ]
  ...
  [-0.24902344  0.46875    -0.10058594 ...  0.13867188 -0.10253906
    0.07128906]
  [ 0.265625   -0.40234375 -0.08447266 ...  0.49414062  0.50390625
    0.94921875]
  [-0.02148438 -0.1953125   0.05151367 ...  0.44335938 -0.08251953
    0.34570312]]

 [[-0.51953125  0.23144531 -0.13378906 ...  0.21777344 -0.4140625
    0.41796875]
  [-0.30273438  0.10644531 -0.00216675 ...  0.23828125  0.18066406
    0.07080078]
  [ 0.0559082  -0.08105469 -0.26757812 ...  0.21972656  0.0324707
    0.5703125 ]
  ...
  [-0.12304688  0.15917969  0.07275391 ...  0.31640625  0.15625
    0.13183594]
  [-0.24511719 -0.46679688 -0.0100708  ...  0.59765625 -0.13574219
    0.640625  ]
  [ 0.13964844 -0.42773438  0.27539062 ...  0.50390625  0.29101562
    0.23144531]]]
after action_decoder, noise_pred is[[[-1.1953125  -0.33984375 -2.34375   ]
  [-0.10058594 -0.03393555 -0.58203125]
  [-0.75390625 -0.15429688 -1.078125  ]
  ...
  [ 0.14941406  0.25       -0.30078125]
  [ 0.83984375  1.625      -0.26367188]
  [ 0.3984375   1.21875    -0.875     ]]

 [[-0.40625    -1.4375     -0.80078125]
  [-0.703125    0.20605469 -0.16015625]
  [ 0.43945312  0.96484375 -1.5       ]
  ...
  [ 0.23339844 -0.62109375  0.50390625]
  [-0.91015625  0.04443359 -0.20605469]
  [ 0.09472656 -0.63671875 -0.37109375]]

 [[-0.4765625  -1.21875    -0.7421875 ]
  [-0.671875    0.55078125  0.08544922]
  [-1.4765625  -0.2421875  -0.51953125]
  ...
  [-0.84765625  0.04101562 -1.2109375 ]
  [-0.68359375  1.1875     -1.015625  ]
  [ 0.95703125 -0.62890625 -0.06347656]]

 ...

 [[-0.0402832  -0.61328125 -1.1640625 ]
  [-1.4453125  -0.25976562 -2.03125   ]
  [-0.6015625   0.27734375 -0.39648438]
  ...
  [-0.89453125  0.33789062 -0.921875  ]
  [ 0.35742188  1.765625    0.82421875]
  [-0.08007812 -0.765625    1.2734375 ]]

 [[-1.578125    1.4765625  -0.55078125]
  [-0.3515625   2.03125    -0.18066406]
  [-1.6796875  -0.19335938 -2.359375  ]
  ...
  [-0.01403809 -0.828125    0.8203125 ]
  [-2.40625     0.45507812 -1.359375  ]
  [ 0.37304688  1.09375    -0.34179688]]

 [[ 1.5078125   0.20507812 -0.91796875]
  [-0.671875    0.00933838  0.73828125]
  [-0.390625   -0.84765625 -2.015625  ]
  ...
  [-0.64453125  0.3671875   0.43945312]
  [ 0.48046875  1.984375   -0.40429688]
  [-0.6796875   2.296875    0.4765625 ]]]
after action_encoder, latent_features is[[[ 0.21679688  0.26953125 -0.515625   ... -0.36914062  0.04272461
   -0.33007812]
  [ 0.5078125   0.4140625  -0.43164062 ...  0.04248047 -0.26757812
    0.12988281]
  [ 0.40039062  0.34960938 -0.49414062 ... -0.07324219 -0.26367188
   -0.06347656]
  ...
  [ 0.49414062  0.46289062 -0.3984375  ...  0.06787109 -0.37304688
    0.1640625 ]
  [ 0.53515625  0.76171875 -0.07324219 ...  0.08056641 -0.23730469
    0.5625    ]
  [ 0.44140625  0.63671875 -0.18652344 ... -0.04370117 -0.171875
    0.32421875]]

 [[ 0.46484375  0.12597656 -0.7265625  ... -0.01660156 -0.26953125
   -0.24804688]
  [ 0.515625    0.453125   -0.42578125 ...  0.12109375 -0.46679688
    0.16796875]
  [ 0.421875    0.6171875  -0.171875   ... -0.13671875  0.04907227
    0.296875  ]
  ...
  [ 0.5859375   0.30078125 -0.6015625  ...  0.21777344 -0.56640625
    0.0625    ]
  [ 0.41015625  0.359375   -0.5234375  ...  0.01635742 -0.5078125
   -0.06298828]
  [ 0.46484375  0.2578125  -0.6015625  ...  0.01281738 -0.33789062
   -0.10449219]]

 [[ 0.46679688  0.16210938 -0.69140625 ... -0.0078125  -0.28515625
   -0.20605469]
  [ 0.55078125  0.51953125 -0.3671875  ...  0.17578125 -0.51953125
    0.27539062]
  [ 0.41210938  0.31054688 -0.57421875 ...  0.01635742 -0.50390625
   -0.11474609]
  ...
  [ 0.31640625  0.36132812 -0.48046875 ... -0.15625    -0.27734375
   -0.14355469]
  [ 0.33203125  0.5859375  -0.24902344 ... -0.12988281 -0.26757812
    0.13476562]
  [ 0.5546875   0.296875   -0.55859375 ...  0.09423828 -0.28710938
    0.04882812]]

 ...

 [[ 0.49414062  0.33203125 -0.50390625 ...  0.00352478 -0.20019531
    0.02880859]
  [ 0.26953125  0.33789062 -0.47460938 ... -0.26171875 -0.10449219
   -0.20605469]
  [ 0.5         0.51953125 -0.33789062 ...  0.07226562 -0.359375
    0.23828125]
  ...
  [ 0.35351562  0.44335938 -0.41015625 ... -0.08642578 -0.35742188
   -0.01422119]
  [ 0.5390625   0.76953125 -0.09667969 ...  0.15039062 -0.43554688
    0.5625    ]
  [ 0.625       0.28125    -0.65234375 ...  0.32226562 -0.76953125
    0.06396484]]

 [[ 0.51171875  0.7578125  -0.14746094 ...  0.19628906 -0.6640625
    0.49414062]
  [ 0.53125     0.89453125  0.04541016 ...  0.12109375 -0.34570312
    0.703125  ]
  [ 0.20996094  0.36914062 -0.43164062 ... -0.34179688 -0.04541016
   -0.23046875]
  ...
  [ 0.59375     0.28125    -0.6328125  ...  0.25390625 -0.65234375
    0.04003906]
  [ 0.06054688  0.36914062 -0.45117188 ... -0.44335938 -0.20898438
   -0.41015625]
  [ 0.49414062  0.6328125  -0.22070312 ...  0.06298828 -0.33398438
    0.359375  ]]

 [[ 0.62890625  0.546875   -0.25976562 ...  0.09765625 -0.02331543
    0.44140625]
  [ 0.61328125  0.48242188 -0.42578125 ...  0.27734375 -0.625
    0.29492188]
  [ 0.34375     0.265625   -0.52734375 ... -0.234375    0.03369141
   -0.19433594]
  ...
  [ 0.515625    0.49023438 -0.41601562 ...  0.17871094 -0.640625
    0.19335938]
  [ 0.39648438  0.7890625  -0.0135498  ... -0.11425781 -0.07373047
    0.45703125]
  [ 0.51171875  0.85546875 -0.04443359 ...  0.20117188 -0.65625
    0.609375  ]]]
after pos_encoding, pos_embed is[[[ 0.          0.          0.         ...  1.          1.
    1.        ]
  [ 0.841471    0.8152507   0.78859305 ...  1.          1.
    1.        ]
  [ 0.90929747  0.94423676  0.9698361  ...  1.          1.
    1.        ]
  ...
  [-0.6636339   0.591275    0.9371143  ...  0.9999944   0.99999493
    0.99999535]
  [-0.9880316  -0.31506237  0.85148275 ...  0.999994    0.9999946
    0.99999505]
  [-0.40403765 -0.9561863   0.1100651  ...  0.99999356  0.99999416
    0.9999947 ]]]
after traj_dit, noise_pred is[[[-6.05468750e-01  6.83593750e-01 -1.57226562e-01 ...  8.67187500e-01
    3.96484375e-01  1.22656250e+00]
  [-8.12500000e-01  4.82421875e-01 -1.31835938e-01 ...  1.01562500e+00
   -6.12792969e-02  8.59375000e-01]
  [-6.25000000e-01  3.98437500e-01 -2.42187500e-01 ...  1.04687500e+00
    2.04101562e-01  9.41406250e-01]
  ...
  [-5.07812500e-01  3.55468750e-01 -1.30859375e-01 ...  9.68750000e-01
   -7.07031250e-01  5.97656250e-01]
  [-6.52343750e-01  1.31835938e-01 -3.10058594e-02 ...  1.20312500e+00
   -1.00000000e+00  7.50000000e-01]
  [-5.07812500e-01  2.10937500e-01 -8.69750977e-04 ...  1.15625000e+00
   -7.14843750e-01  1.00781250e+00]]

 [[-8.39843750e-01  7.30468750e-01 -4.12109375e-01 ...  6.75781250e-01
    1.40625000e-01  9.45312500e-01]
  [-7.61718750e-01  2.42187500e-01 -8.88671875e-02 ...  9.60937500e-01
    1.19140625e-01  8.04687500e-01]
  [-7.14843750e-01  2.46093750e-01 -6.29882812e-02 ...  1.03906250e+00
   -2.17773438e-01  1.15625000e+00]
  ...
  [-4.66796875e-01  5.03906250e-01 -2.65625000e-01 ...  7.18750000e-01
   -6.01562500e-01  4.72656250e-01]
  [-3.08593750e-01  2.94921875e-01 -2.46093750e-01 ...  1.01562500e+00
   -3.47656250e-01  8.12500000e-01]
  [-3.20312500e-01  4.82421875e-01 -3.06640625e-01 ...  8.24218750e-01
   -5.11718750e-01  9.17968750e-01]]

 [[-7.46093750e-01  7.14843750e-01 -2.89062500e-01 ...  7.34375000e-01
    2.03125000e-01  9.41406250e-01]
  [-6.67968750e-01  2.24609375e-01  3.47900391e-03 ...  9.88281250e-01
    1.39648438e-01  7.77343750e-01]
  [-4.35546875e-01  2.40234375e-01 -1.74804688e-01 ...  8.98437500e-01
    4.94140625e-01  8.71093750e-01]
  ...
  [-3.04687500e-01  4.78515625e-01 -1.80664062e-01 ...  9.68750000e-01
   -3.53515625e-01  7.65625000e-01]
  [-3.92578125e-01  2.03125000e-01 -1.03027344e-01 ...  1.24218750e+00
   -4.72656250e-01  9.80468750e-01]
  [-5.03906250e-01  5.27343750e-01 -3.49609375e-01 ...  7.92968750e-01
   -8.20312500e-01  8.43750000e-01]]

 ...

 [[-3.24218750e-01  3.12500000e-01 -6.98242188e-02 ...  1.37695312e-01
   -7.37304688e-02  4.60937500e-01]
  [ 9.91210938e-02 -9.76562500e-02 -9.91210938e-02 ...  2.29492188e-01
    3.35937500e-01  6.09375000e-01]
  [-1.69921875e-01 -6.29882812e-02 -7.95898438e-02 ...  3.14453125e-01
    1.44531250e-01  1.78710938e-01]
  ...
  [ 5.61523438e-03  5.73730469e-02  9.57031250e-02 ...  3.10546875e-01
    1.27929688e-01  4.51171875e-01]
  [-3.24218750e-01 -2.83203125e-01  4.66308594e-02 ...  5.07812500e-01
   -1.38671875e-01  3.49609375e-01]
  [-5.46875000e-02  2.87109375e-01 -3.58886719e-02 ...  1.71875000e-01
   -8.20312500e-02  1.08398438e-01]]

 [[-1.66015625e-01 -6.73828125e-02  2.65625000e-01 ...  3.41796875e-01
    4.64843750e-01  7.17773438e-02]
  [-1.99218750e-01 -3.49609375e-01  2.67578125e-01 ...  3.33984375e-01
    3.18359375e-01  1.02539062e-01]
  [ 2.67578125e-01 -3.20312500e-01 -7.76367188e-02 ...  2.09960938e-01
    4.12109375e-01  4.43359375e-01]
  ...
  [-2.96875000e-01  5.00000000e-01 -6.22558594e-02 ...  1.26953125e-01
   -1.02050781e-01  7.22656250e-02]
  [ 2.55859375e-01 -4.37500000e-01 -3.83300781e-02 ...  4.92187500e-01
    4.94140625e-01  9.64843750e-01]
  [-5.64575195e-04 -1.91406250e-01  6.39648438e-02 ...  4.60937500e-01
   -6.68945312e-02  3.55468750e-01]]

 [[-5.78125000e-01  2.57812500e-01 -1.19628906e-01 ...  2.17773438e-01
   -3.94531250e-01  4.19921875e-01]
  [-3.33984375e-01  9.66796875e-02  2.34375000e-02 ...  2.25585938e-01
    1.71875000e-01  6.39648438e-02]
  [ 3.90625000e-03 -5.54199219e-02 -2.73437500e-01 ...  2.21679688e-01
    5.81054688e-02  5.15625000e-01]
  ...
  [-1.34765625e-01  1.84570312e-01  1.20605469e-01 ...  3.02734375e-01
    1.30859375e-01  1.28906250e-01]
  [-2.53906250e-01 -4.86328125e-01  1.57470703e-02 ...  6.09375000e-01
   -1.07910156e-01  6.71875000e-01]
  [ 1.96289062e-01 -4.41406250e-01  2.98828125e-01 ...  4.98046875e-01
    2.83203125e-01  2.16796875e-01]]]
after action_decoder, noise_pred is[[[-1.23437500e+00 -3.28125000e-01 -2.18750000e+00]
  [-1.05468750e-01  2.18505859e-02 -5.97656250e-01]
  [-7.65625000e-01 -7.08007812e-02 -1.15625000e+00]
  ...
  [ 1.19140625e-01  2.24609375e-01 -3.16406250e-01]
  [ 8.43750000e-01  1.61718750e+00 -4.17968750e-01]
  [ 3.78906250e-01  1.22656250e+00 -8.94531250e-01]]

 [[-4.57031250e-01 -1.45312500e+00 -7.57812500e-01]
  [-7.65625000e-01  2.41210938e-01 -1.78710938e-01]
  [ 4.49218750e-01  1.05468750e+00 -1.54687500e+00]
  ...
  [ 2.06054688e-01 -6.83593750e-01  5.35156250e-01]
  [-1.00000000e+00  1.10626221e-03 -3.51562500e-01]
  [ 4.61425781e-02 -7.03125000e-01 -3.59375000e-01]]

 [[-5.19531250e-01 -1.21875000e+00 -6.40625000e-01]
  [-7.18750000e-01  6.09375000e-01  1.18164062e-01]
  [-1.54687500e+00 -1.78710938e-01 -5.46875000e-01]
  ...
  [-9.29687500e-01  4.45556641e-03 -1.25000000e+00]
  [-7.65625000e-01  1.17968750e+00 -1.18750000e+00]
  [ 9.57031250e-01 -6.71875000e-01 -3.44238281e-02]]

 ...

 [[-5.83496094e-02 -6.09375000e-01 -1.09375000e+00]
  [-1.45312500e+00 -2.53906250e-01 -2.00000000e+00]
  [-6.13281250e-01  3.00781250e-01 -3.90625000e-01]
  ...
  [-8.82812500e-01  3.30078125e-01 -9.25781250e-01]
  [ 3.37890625e-01  1.75781250e+00  7.96875000e-01]
  [-8.20312500e-02 -7.69531250e-01  1.27343750e+00]]

 [[-1.57812500e+00  1.42187500e+00 -5.31250000e-01]
  [-3.61328125e-01  2.00000000e+00 -1.48437500e-01]
  [-1.65625000e+00 -2.30468750e-01 -2.32812500e+00]
  ...
  [-2.35595703e-02 -8.47656250e-01  7.89062500e-01]
  [-2.40625000e+00  4.66796875e-01 -1.21093750e+00]
  [ 3.80859375e-01  1.10156250e+00 -3.35937500e-01]]

 [[ 1.50000000e+00  2.13867188e-01 -8.75000000e-01]
  [-6.83593750e-01  2.11181641e-02  7.46093750e-01]
  [-3.92578125e-01 -8.47656250e-01 -2.00000000e+00]
  ...
  [-6.44531250e-01  3.65234375e-01  4.27734375e-01]
  [ 4.82421875e-01  1.98437500e+00 -3.20312500e-01]
  [-6.75781250e-01  2.28125000e+00  4.90234375e-01]]]
after action_encoder, latent_features is[[[ 0.3046875   0.31054688 -0.49414062 ... -0.24511719 -0.04907227
   -0.19335938]
  [ 0.52734375  0.42578125 -0.42773438 ...  0.07763672 -0.30078125
    0.16601562]
  [ 0.44921875  0.38085938 -0.46875    ... -0.00836182 -0.296875
    0.02636719]
  ...
  [ 0.49804688  0.453125   -0.41210938 ...  0.07666016 -0.39257812
    0.15429688]
  [ 0.50390625  0.671875   -0.16699219 ...  0.04589844 -0.24414062
    0.42382812]
  [ 0.45703125  0.58203125 -0.25585938 ... -0.00604248 -0.24707031
    0.26953125]]

 [[ 0.50390625  0.21289062 -0.64453125 ...  0.04125977 -0.31054688
   -0.109375  ]
  [ 0.53515625  0.4609375  -0.4140625  ...  0.13183594 -0.44335938
    0.19921875]
  [ 0.46289062  0.5859375  -0.22265625 ... -0.06347656 -0.05395508
    0.296875  ]
  ...
  [ 0.56640625  0.33203125 -0.5625     ...  0.18847656 -0.53515625
    0.07714844]
  [ 0.40820312  0.3671875  -0.50390625 ... -0.00460815 -0.44335938
   -0.04882812]
  [ 0.47265625  0.29492188 -0.5703125  ...  0.03515625 -0.37109375
   -0.05322266]]

 [[ 0.50390625  0.24023438 -0.6171875  ...  0.04589844 -0.3203125
   -0.07958984]
  [ 0.55859375  0.5078125  -0.37304688 ...  0.171875   -0.48242188
    0.27734375]
  [ 0.45507812  0.35546875 -0.5234375  ...  0.05175781 -0.47070312
   -0.0133667 ]
  ...
  [ 0.36523438  0.37890625 -0.47265625 ... -0.08984375 -0.3203125
   -0.07421875]
  [ 0.34765625  0.5390625  -0.29882812 ... -0.12011719 -0.2578125
    0.09472656]
  [ 0.54296875  0.32617188 -0.53515625 ...  0.09619141 -0.33398438
    0.06152344]]

 ...

 [[ 0.5234375   0.36914062 -0.47851562 ...  0.05639648 -0.25976562
    0.09912109]
  [ 0.34570312  0.37109375 -0.453125   ... -0.16015625 -0.16503906
   -0.08691406]
  [ 0.51953125  0.51171875 -0.34765625 ...  0.09326172 -0.359375
    0.25      ]
  ...
  [ 0.39257812  0.43945312 -0.41992188 ... -0.03857422 -0.37890625
    0.02148438]
  [ 0.51171875  0.67578125 -0.18652344 ...  0.10595703 -0.40429688
    0.42382812]
  [ 0.59375     0.31445312 -0.60546875 ...  0.26757812 -0.69140625
    0.07373047]]

 [[ 0.55078125  0.69921875 -0.20214844 ...  0.2265625  -0.63671875
    0.4765625 ]
  [ 0.5390625   0.80078125 -0.05249023 ...  0.12402344 -0.34179688
    0.6015625 ]
  [ 0.30078125  0.40429688 -0.41015625 ... -0.22167969 -0.11865234
   -0.09570312]
  ...
  [ 0.57421875  0.3203125  -0.5859375  ...  0.22070312 -0.609375
    0.06689453]
  [ 0.13378906  0.37109375 -0.44921875 ... -0.37304688 -0.19238281
   -0.328125  ]
  [ 0.49414062  0.578125   -0.28320312 ...  0.07226562 -0.3671875
    0.29492188]]

 [[ 0.625       0.53125    -0.29492188 ...  0.12695312 -0.12597656
    0.41015625]
  [ 0.60546875  0.48242188 -0.4140625  ...  0.24707031 -0.5625
    0.29296875]
  [ 0.40234375  0.32226562 -0.49023438 ... -0.13671875 -0.06445312
   -0.07226562]
  ...
  [ 0.515625    0.47265625 -0.42578125 ...  0.16210938 -0.59375
    0.17773438]
  [ 0.39453125  0.6875     -0.12304688 ... -0.11035156 -0.11035156
    0.33398438]
  [ 0.51171875  0.7421875  -0.15136719 ...  0.17578125 -0.60546875
    0.48242188]]]
after pos_encoding, pos_embed is[[[ 0.          0.          0.         ...  1.          1.
    1.        ]
  [ 0.841471    0.8152507   0.78859305 ...  1.          1.
    1.        ]
  [ 0.90929747  0.94423676  0.9698361  ...  1.          1.
    1.        ]
  ...
  [-0.6636339   0.591275    0.9371143  ...  0.9999944   0.99999493
    0.99999535]
  [-0.9880316  -0.31506237  0.85148275 ...  0.999994    0.9999946
    0.99999505]
  [-0.40403765 -0.9561863   0.1100651  ...  0.99999356  0.99999416
    0.9999947 ]]]
after traj_dit, noise_pred is[[[-0.86328125  0.45898438 -0.08251953 ...  0.78515625  0.36328125
    1.375     ]
  [-1.0234375   0.37695312 -0.19628906 ...  0.99609375 -0.12060547
    0.94140625]
  [-0.85546875  0.23828125 -0.40039062 ...  1.0234375   0.26367188
    1.015625  ]
  ...
  [-0.53515625  0.14550781 -0.13574219 ...  0.8828125  -0.78125
    0.58984375]
  [-0.625      -0.00405884 -0.11230469 ...  1.125      -1.09375
    0.82421875]
  [-0.45117188  0.03393555 -0.09570312 ...  1.046875   -0.7890625
    1.0546875 ]]

 [[-1.0859375   0.59375    -0.36328125 ...  0.58203125  0.10205078
    0.98828125]
  [-0.98046875  0.06933594 -0.08837891 ...  0.89453125  0.06347656
    0.84375   ]
  [-0.93359375  0.06835938 -0.15136719 ...  1.015625   -0.15527344
    1.21875   ]
  ...
  [-0.53125     0.3046875  -0.27734375 ...  0.61328125 -0.6328125
    0.46875   ]
  [-0.26757812  0.10742188 -0.36523438 ...  0.921875   -0.38476562
    0.8828125 ]
  [-0.296875    0.27148438 -0.43945312 ...  0.7109375  -0.5234375
    0.91796875]]

 [[-0.96875     0.55859375 -0.21777344 ...  0.65234375  0.19042969
    1.0078125 ]
  [-0.8671875   0.05395508  0.03540039 ...  0.93359375  0.10058594
    0.8359375 ]
  [-0.65625     0.01483154 -0.19921875 ...  0.84375     0.57421875
    0.92578125]
  ...
  [-0.28515625  0.22265625 -0.23925781 ...  0.86328125 -0.41015625
    0.77734375]
  [-0.29492188  0.01470947 -0.24511719 ...  1.1484375  -0.55078125
    1.078125  ]
  [-0.515625    0.3203125  -0.47070312 ...  0.68359375 -0.82421875
    0.8671875 ]]

 ...

 [[-0.41796875  0.29882812 -0.03466797 ...  0.15917969 -0.03710938
    0.47851562]
  [ 0.01416016 -0.12109375 -0.09423828 ...  0.29882812  0.33007812
    0.62109375]
  [-0.24121094 -0.10107422 -0.08056641 ...  0.36523438  0.14941406
    0.18066406]
  ...
  [-0.01586914  0.0534668   0.17675781 ...  0.31640625  0.05859375
    0.5       ]
  [-0.31835938 -0.28320312  0.07275391 ...  0.546875   -0.13085938
    0.46289062]
  [-0.05957031  0.24804688 -0.00537109 ...  0.20214844 -0.11035156
    0.14257812]]

 [[-0.25976562 -0.06176758  0.24609375 ...  0.34179688  0.4375
    0.02478027]
  [-0.21972656 -0.39453125  0.26953125 ...  0.33398438  0.34179688
    0.12695312]
  [ 0.18066406 -0.3359375  -0.10888672 ...  0.25        0.421875
    0.39453125]
  ...
  [-0.3515625   0.48828125  0.01287842 ...  0.140625   -0.13085938
    0.12207031]
  [ 0.20019531 -0.45507812  0.01757812 ...  0.48828125  0.41210938
    1.0234375 ]
  [-0.00811768 -0.20410156  0.10058594 ...  0.48242188 -0.08251953
    0.40820312]]

 [[-0.6796875   0.24316406 -0.11279297 ...  0.24609375 -0.3515625
    0.45117188]
  [-0.3984375   0.02819824  0.05102539 ...  0.26367188  0.16308594
    0.09179688]
  [-0.09277344 -0.07421875 -0.29882812 ...  0.28710938  0.09667969
    0.46679688]
  ...
  [-0.15917969  0.18554688  0.19140625 ...  0.3125      0.06884766
    0.16113281]
  [-0.26953125 -0.5078125   0.05175781 ...  0.6640625  -0.11328125
    0.7734375 ]
  [ 0.2421875  -0.4765625   0.33789062 ...  0.53125     0.23535156
    0.23828125]]]
after action_decoder, noise_pred is[[[-1.29687500e+00 -1.91406250e-01 -1.84375000e+00]
  [-9.47265625e-02  1.59179688e-01 -5.42968750e-01]
  [-7.69531250e-01  1.06933594e-01 -1.21875000e+00]
  ...
  [ 4.29687500e-02  2.34375000e-01 -3.55468750e-01]
  [ 7.65625000e-01  1.67187500e+00 -6.95312500e-01]
  [ 2.87109375e-01  1.25781250e+00 -9.25781250e-01]]

 [[-5.27343750e-01 -1.46093750e+00 -6.44531250e-01]
  [-8.35937500e-01  3.20312500e-01 -1.52343750e-01]
  [ 4.64843750e-01  1.22656250e+00 -1.57031250e+00]
  ...
  [ 1.56250000e-01 -7.38281250e-01  5.85937500e-01]
  [-1.16406250e+00 -3.24707031e-02 -6.13281250e-01]
  [-3.22265625e-02 -7.30468750e-01 -3.69140625e-01]]

 [[-5.78125000e-01 -1.17187500e+00 -4.51171875e-01]
  [-7.57812500e-01  7.34375000e-01  2.23632812e-01]
  [-1.60937500e+00 -4.76074219e-02 -5.00000000e-01]
  ...
  [-1.09375000e+00  1.73950195e-03 -1.28125000e+00]
  [-9.53125000e-01  1.17187500e+00 -1.44531250e+00]
  [ 9.21875000e-01 -6.99218750e-01 -4.80957031e-02]]

 ...

 [[-7.32421875e-02 -5.89843750e-01 -1.02343750e+00]
  [-1.45312500e+00 -2.11914062e-01 -1.93750000e+00]
  [-6.17187500e-01  3.59375000e-01 -3.59375000e-01]
  ...
  [-8.71093750e-01  3.39843750e-01 -9.17968750e-01]
  [ 3.30078125e-01  1.77343750e+00  7.77343750e-01]
  [-7.91015625e-02 -7.61718750e-01  1.28125000e+00]]

 [[-1.59375000e+00  1.41406250e+00 -5.46875000e-01]
  [-3.51562500e-01  1.97656250e+00 -1.18652344e-01]
  [-1.60937500e+00 -2.71484375e-01 -2.29687500e+00]
  ...
  [-9.52148438e-03 -8.28125000e-01  7.57812500e-01]
  [-2.39062500e+00  4.64843750e-01 -1.08593750e+00]
  [ 3.75000000e-01  1.10937500e+00 -3.30078125e-01]]

 [[ 1.49218750e+00  2.48046875e-01 -8.12500000e-01]
  [-6.83593750e-01  6.10351562e-02  8.04687500e-01]
  [-3.88671875e-01 -8.32031250e-01 -1.98437500e+00]
  ...
  [-6.44531250e-01  3.61328125e-01  4.14062500e-01]
  [ 5.00000000e-01  1.99218750e+00 -2.37304688e-01]
  [-6.79687500e-01  2.28125000e+00  4.96093750e-01]]]
after action_encoder, latent_features is[[[ 0.38671875  0.34765625 -0.47265625 ... -0.13085938 -0.13085938
   -0.06738281]
  [ 0.55078125  0.43164062 -0.42578125 ...  0.10986328 -0.32617188
    0.19433594]
  [ 0.5         0.41015625 -0.44726562 ...  0.05444336 -0.328125
    0.11083984]
  ...
  [ 0.5         0.44140625 -0.42578125 ...  0.08544922 -0.41015625
    0.14355469]
  [ 0.47070312  0.578125   -0.26171875 ...  0.00927734 -0.25
    0.27929688]
  [ 0.47265625  0.5234375  -0.328125   ...  0.03100586 -0.3203125
    0.21386719]]

 [[ 0.5390625   0.29882812 -0.5625     ...  0.09423828 -0.34570312
    0.0255127 ]
  [ 0.55078125  0.46679688 -0.40429688 ...  0.14355469 -0.41992188
    0.22851562]
  [ 0.50390625  0.5546875  -0.2734375  ...  0.01025391 -0.15625
    0.29492188]
  ...
  [ 0.546875    0.36132812 -0.52734375 ...  0.15917969 -0.5078125
    0.09130859]
  [ 0.40429688  0.375      -0.48632812 ... -0.03112793 -0.375
   -0.03881836]
  [ 0.48242188  0.33398438 -0.53515625 ...  0.05712891 -0.40234375
   -0.00178528]]

 [[ 0.53515625  0.31445312 -0.55078125 ...  0.09277344 -0.34765625
    0.0390625 ]
  [ 0.56640625  0.49414062 -0.38085938 ...  0.16796875 -0.44335938
    0.2734375 ]
  [ 0.49804688  0.39648438 -0.4765625  ...  0.08691406 -0.43359375
    0.08496094]
  ...
  [ 0.4140625   0.39453125 -0.46484375 ... -0.02282715 -0.36523438
   -0.00494385]
  [ 0.35742188  0.48632812 -0.34960938 ... -0.11621094 -0.2421875
    0.05029297]
  [ 0.52734375  0.35351562 -0.51171875 ...  0.09765625 -0.37890625
    0.07421875]]

 ...

 [[ 0.5546875   0.40429688 -0.45117188 ...  0.10644531 -0.31445312
    0.16699219]
  [ 0.421875    0.40429688 -0.43359375 ... -0.06005859 -0.22265625
    0.02844238]
  [ 0.5390625   0.5        -0.359375   ...  0.11279297 -0.35742188
    0.25976562]
  ...
  [ 0.43164062  0.43359375 -0.43164062 ...  0.00842285 -0.40039062
    0.05566406]
  [ 0.48242188  0.58203125 -0.27734375 ...  0.06201172 -0.37304688
    0.28515625]
  [ 0.5625      0.34570312 -0.5625     ...  0.21191406 -0.6171875
    0.08251953]]

 [[ 0.59375     0.64453125 -0.25585938 ...  0.2578125  -0.61328125
    0.45898438]
  [ 0.546875    0.703125   -0.15039062 ...  0.125      -0.33984375
    0.5       ]
  [ 0.38867188  0.44335938 -0.38671875 ... -0.10351562 -0.19140625
    0.03857422]
  ...
  [ 0.5546875   0.35742188 -0.5390625  ...  0.18847656 -0.5625
    0.09326172]
  [ 0.20214844  0.37109375 -0.44921875 ... -0.30859375 -0.16992188
   -0.24902344]
  [ 0.49609375  0.51953125 -0.34570312 ...  0.08105469 -0.40039062
    0.22753906]]

 [[ 0.62109375  0.51171875 -0.33007812 ...  0.15332031 -0.22460938
    0.375     ]
  [ 0.59765625  0.48046875 -0.40625    ...  0.21386719 -0.49023438
    0.28710938]
  [ 0.46289062  0.37695312 -0.45117188 ... -0.03930664 -0.16210938
    0.0480957 ]
  ...
  [ 0.515625    0.45703125 -0.43359375 ...  0.14648438 -0.55078125
    0.1640625 ]
  [ 0.390625    0.5859375  -0.23242188 ... -0.109375   -0.14355469
    0.20996094]
  [ 0.5078125   0.6328125  -0.2578125  ...  0.14941406 -0.55859375
    0.35351562]]]
after pos_encoding, pos_embed is[[[ 0.          0.          0.         ...  1.          1.
    1.        ]
  [ 0.841471    0.8152507   0.78859305 ...  1.          1.
    1.        ]
  [ 0.90929747  0.94423676  0.9698361  ...  1.          1.
    1.        ]
  ...
  [-0.6636339   0.591275    0.9371143  ...  0.9999944   0.99999493
    0.99999535]
  [-0.9880316  -0.31506237  0.85148275 ...  0.999994    0.9999946
    0.99999505]
  [-0.40403765 -0.9561863   0.1100651  ...  0.99999356  0.99999416
    0.9999947 ]]]
after traj_dit, noise_pred is[[[-1.0546875   0.08837891 -0.13085938 ...  0.61328125  0.27539062
    1.3046875 ]
  [-1.1796875   0.21777344 -0.38867188 ...  0.98828125 -0.24511719
    0.984375  ]
  [-0.9921875   0.04492188 -0.7421875  ...  1.0390625   0.28125
    1.0859375 ]
  ...
  [-0.45898438 -0.10791016 -0.28320312 ...  0.70703125 -0.85546875
    0.5234375 ]
  [-0.44335938 -0.23730469 -0.35351562 ...  1.0078125  -1.1640625
    0.94921875]
  [-0.30664062 -0.19628906 -0.33398438 ...  0.84765625 -0.828125
    1.0703125 ]]

 [[-1.359375    0.5625     -0.48046875 ...  0.44140625  0.05224609
    0.875     ]
  [-1.1015625  -0.11572266 -0.18164062 ...  0.83203125 -0.0291748
    0.79296875]
  [-1.0703125  -0.14550781 -0.35546875 ...  1.078125   -0.05737305
    1.171875  ]
  ...
  [-0.64453125  0.18359375 -0.375      ...  0.47851562 -0.67578125
    0.42773438]
  [-0.19042969 -0.012146   -0.64453125 ...  0.80859375 -0.48046875
    0.9921875 ]
  [-0.29296875  0.12988281 -0.66015625 ...  0.53515625 -0.53125
    0.87109375]]

 [[-1.21875     0.4765625  -0.33789062 ...  0.53515625  0.08154297
    0.921875  ]
  [-0.98046875 -0.14453125 -0.02941895 ...  0.88671875 -0.04199219
    0.80859375]
  [-0.7890625  -0.19433594 -0.40234375 ...  0.82421875  0.57421875
    0.88671875]
  ...
  [-0.28125    -0.10888672 -0.4296875  ...  0.703125   -0.51953125
    0.72265625]
  [-0.15136719 -0.2578125  -0.5625     ...  1.0390625  -0.62890625
    1.1875    ]
  [-0.5234375   0.14746094 -0.73046875 ...  0.5        -0.76953125
    0.86328125]]

 ...

 [[-0.4921875   0.29296875 -0.02099609 ...  0.16210938  0.09033203
    0.43945312]
  [-0.06396484 -0.13867188 -0.06054688 ...  0.359375    0.359375
    0.5859375 ]
  [-0.29492188 -0.14746094 -0.06689453 ...  0.4140625   0.17480469
    0.13378906]
  ...
  [-0.0222168   0.10498047  0.28320312 ...  0.34570312  0.00154114
    0.49609375]
  [-0.24902344 -0.3125      0.10253906 ...  0.56640625 -0.10595703
    0.54296875]
  [-0.05322266  0.22753906  0.02233887 ...  0.21875    -0.15332031
    0.14550781]]

 [[-0.27148438 -0.0703125   0.15039062 ...  0.30078125  0.44726562
   -0.07275391]
  [-0.20898438 -0.41796875  0.22265625 ...  0.32617188  0.41210938
    0.09765625]
  [ 0.1015625  -0.37304688 -0.14453125 ...  0.26757812  0.51171875
    0.2890625 ]
  ...
  [-0.375       0.51171875  0.11230469 ...  0.13085938 -0.13671875
    0.125     ]
  [ 0.14746094 -0.48242188  0.09228516 ...  0.44921875  0.33203125
    0.99609375]
  [-0.00952148 -0.22070312  0.15234375 ...  0.48046875 -0.12451172
    0.44726562]]

 [[-0.765625    0.24414062 -0.12451172 ...  0.24707031 -0.2421875
    0.47460938]
  [-0.42578125 -0.02160645  0.08984375 ...  0.29882812  0.1640625
    0.08886719]
  [-0.17578125 -0.09179688 -0.31445312 ...  0.3359375   0.18261719
    0.37304688]
  ...
  [-0.17089844  0.21191406  0.29492188 ...  0.33398438  0.01477051
    0.16308594]
  [-0.24121094 -0.59765625  0.11621094 ...  0.6953125  -0.12597656
    0.81640625]
  [ 0.29492188 -0.48242188  0.36914062 ...  0.57421875  0.15820312
    0.24707031]]]
after action_decoder, noise_pred is[[[-1.484375    0.10839844 -1.0859375 ]
  [-0.13574219  0.4765625  -0.3828125 ]
  [-0.86328125  0.45507812 -1.375     ]
  ...
  [-0.23339844  0.18164062 -0.24023438]
  [ 0.48828125  1.7578125  -1.015625  ]
  [ 0.09375     1.28125    -0.8515625 ]]

 [[-0.65625    -1.5703125  -0.33984375]
  [-1.03125     0.43554688 -0.07763672]
  [ 0.45507812  1.515625   -1.6640625 ]
  ...
  [ 0.06933594 -0.9375      0.79296875]
  [-1.4140625  -0.16015625 -0.91796875]
  [-0.09423828 -0.86328125 -0.31054688]]

 [[-0.6875     -1.1953125  -0.04101562]
  [-0.90234375  0.9765625   0.46484375]
  [-1.8203125   0.12988281 -0.4609375 ]
  ...
  [-1.4375     -0.06176758 -0.953125  ]
  [-1.21875     1.1875     -1.3046875 ]
  [ 0.828125   -0.78125     0.01281738]]

 ...

 [[-0.12695312 -0.578125   -0.9609375 ]
  [-1.46875    -0.16503906 -1.84375   ]
  [-0.6484375   0.41015625 -0.33007812]
  ...
  [-0.86328125  0.33398438 -0.8984375 ]
  [ 0.32617188  1.7578125   0.6640625 ]
  [-0.07324219 -0.7578125   1.2890625 ]]

 [[-1.6015625   1.3046875  -0.73828125]
  [-0.33984375  1.8828125  -0.13769531]
  [-1.6015625  -0.34570312 -2.265625  ]
  ...
  [-0.00891113 -0.82421875  0.69140625]
  [-2.390625    0.45507812 -0.94921875]
  [ 0.359375    1.0859375  -0.32421875]]

 [[ 1.46875     0.22851562 -0.7578125 ]
  [-0.69921875  0.05883789  0.8125    ]
  [-0.40820312 -0.8359375  -1.984375  ]
  ...
  [-0.62890625  0.35546875  0.38085938]
  [ 0.5078125   1.984375   -0.18164062]
  [-0.65234375  2.25        0.49804688]]]
after action_encoder, latent_features is[[[ 0.46289062  0.38085938 -0.45507812 ... -0.02685547 -0.19824219
    0.04931641]
  [ 0.5703125   0.43164062 -0.4296875  ...  0.13769531 -0.34960938
    0.21582031]
  [ 0.546875    0.43359375 -0.42773438 ...  0.11376953 -0.35351562
    0.19042969]
  ...
  [ 0.50390625  0.43164062 -0.44140625 ...  0.09521484 -0.4296875
    0.13378906]
  [ 0.43554688  0.48242188 -0.35742188 ... -0.03198242 -0.25195312
    0.13183594]
  [ 0.48828125  0.46679688 -0.3984375  ...  0.06738281 -0.39453125
    0.15820312]]

 [[ 0.5703125   0.38476562 -0.48242188 ...  0.14550781 -0.37695312
    0.15917969]
  [ 0.5703125   0.47460938 -0.39453125 ...  0.15722656 -0.3984375
    0.26171875]
  [ 0.54296875  0.5234375  -0.3203125  ...  0.08496094 -0.25976562
    0.296875  ]
  ...
  [ 0.5234375   0.390625   -0.49023438 ...  0.12988281 -0.47851562
    0.10546875]
  [ 0.39648438  0.37890625 -0.46875    ... -0.06494141 -0.296875
   -0.03540039]
  [ 0.49023438  0.37109375 -0.50390625 ...  0.07861328 -0.43359375
    0.04882812]]

 [[ 0.55859375  0.3828125  -0.48046875 ...  0.12597656 -0.35546875
    0.14550781]
  [ 0.57421875  0.4765625  -0.39257812 ...  0.16308594 -0.40429688
    0.26757812]
  [ 0.54296875  0.43554688 -0.43359375 ...  0.12353516 -0.40039062
    0.18164062]
  ...
  [ 0.46289062  0.41015625 -0.45898438 ...  0.04492188 -0.41210938
    0.06347656]
  [ 0.36523438  0.43359375 -0.3984375  ... -0.12109375 -0.21582031
   -0.00118256]
  [ 0.515625    0.3828125  -0.49023438 ...  0.09960938 -0.42382812
    0.08740234]]

 ...

 [[ 0.58203125  0.43945312 -0.42578125 ...  0.15332031 -0.36328125
    0.23339844]
  [ 0.49609375  0.43164062 -0.4140625  ...  0.03540039 -0.27539062
    0.13867188]
  [ 0.55859375  0.48632812 -0.375      ...  0.13085938 -0.35351562
    0.265625  ]
  ...
  [ 0.46875     0.42773438 -0.44335938 ...  0.05444336 -0.421875
    0.08984375]
  [ 0.45898438  0.48828125 -0.36914062 ...  0.02319336 -0.34960938
    0.15332031]
  [ 0.53125     0.37695312 -0.515625   ...  0.15527344 -0.5390625
    0.09033203]]

 [[ 0.63671875  0.59375    -0.30664062 ...  0.29882812 -0.6015625
    0.453125  ]
  [ 0.5546875   0.61328125 -0.24316406 ...  0.12695312 -0.33789062
    0.40625   ]
  [ 0.4765625   0.484375   -0.359375   ...  0.01312256 -0.26367188
    0.17675781]
  ...
  [ 0.5390625   0.39453125 -0.49414062 ...  0.15917969 -0.5234375
    0.12109375]
  [ 0.26757812  0.37109375 -0.44726562 ... -0.25       -0.13867188
   -0.17382812]
  [ 0.49804688  0.46484375 -0.40820312 ...  0.08984375 -0.43359375
    0.16308594]]

 [[ 0.61328125  0.49414062 -0.36328125 ...  0.17773438 -0.3203125
    0.33789062]
  [ 0.58984375  0.47851562 -0.39648438 ...  0.18164062 -0.41992188
    0.27929688]
  [ 0.5234375   0.43164062 -0.4140625  ...  0.05786133 -0.25976562
    0.16894531]
  ...
  [ 0.515625    0.44335938 -0.44335938 ...  0.13183594 -0.50390625
    0.15136719]
  [ 0.38476562  0.484375   -0.34179688 ... -0.11181641 -0.17382812
    0.08300781]
  [ 0.50390625  0.51953125 -0.36132812 ...  0.12304688 -0.5078125
    0.2265625 ]]]
after pos_encoding, pos_embed is[[[ 0.          0.          0.         ...  1.          1.
    1.        ]
  [ 0.841471    0.8152507   0.78859305 ...  1.          1.
    1.        ]
  [ 0.90929747  0.94423676  0.9698361  ...  1.          1.
    1.        ]
  ...
  [-0.6636339   0.591275    0.9371143  ...  0.9999944   0.99999493
    0.99999535]
  [-0.9880316  -0.31506237  0.85148275 ...  0.999994    0.9999946
    0.99999505]
  [-0.40403765 -0.9561863   0.1100651  ...  0.99999356  0.99999416
    0.9999947 ]]]
after traj_dit, noise_pred is[[[-0.7734375  -0.33203125 -0.01226807 ...  0.09570312 -0.12109375
    0.9921875 ]
  [-1.09375     0.171875   -0.4296875  ...  0.953125   -0.16699219
    1.2890625 ]
  [-1.0546875  -0.2734375  -0.90625    ...  0.9375      0.35546875
    1.140625  ]
  ...
  [-0.5234375  -0.11230469 -0.37109375 ...  0.203125   -0.6953125
    0.734375  ]
  [-0.39257812 -0.51171875 -0.47851562 ...  0.59375    -0.9140625
    1.015625  ]
  [-0.25585938 -0.21972656 -0.65234375 ...  0.56640625 -0.71484375
    1.109375  ]]

 [[-1.578125    0.81640625 -0.43945312 ...  0.54296875  0.22265625
    0.828125  ]
  [-1.0703125  -0.17675781 -0.15820312 ...  0.98046875  0.19921875
    0.90234375]
  [-1.2578125  -0.40234375 -0.546875   ...  1.3046875   0.2734375
    1.203125  ]
  ...
  [-0.87109375  0.07128906 -0.45703125 ...  0.03466797 -0.45117188
    0.59375   ]
  [-0.36328125 -0.2578125  -0.7109375  ...  0.45117188 -0.41015625
    0.8828125 ]
  [-0.36132812  0.06225586 -0.76171875 ...  0.2421875  -0.39257812
    0.87890625]]

 [[-1.453125    0.70703125 -0.63671875 ...  0.51171875  0.05053711
    0.6875    ]
  [-1.0234375  -0.21289062  0.04614258 ...  0.953125    0.12353516
    0.9296875 ]
  [-1.140625   -0.30664062 -0.4453125  ...  0.91796875  0.71484375
    0.94140625]
  ...
  [-0.49023438 -0.09179688 -0.48242188 ...  0.11425781 -0.44335938
    0.73046875]
  [-0.3984375  -0.46875    -0.48046875 ...  0.515625   -0.46289062
    0.9375    ]
  [-0.65625     0.08740234 -0.77734375 ...  0.22167969 -0.59375
    0.93359375]]

 ...

 [[-0.49023438  0.38671875  0.00427246 ...  0.18261719  0.40234375
    0.4609375 ]
  [ 0.0177002  -0.08203125  0.02905273 ...  0.51171875  0.50390625
    0.515625  ]
  [-0.25976562 -0.23046875 -0.03320312 ...  0.48046875  0.34375
    0.09765625]
  ...
  [ 0.02807617  0.20507812  0.5234375  ...  0.40039062 -0.02380371
    0.4609375 ]
  [-0.05541992 -0.40625     0.19042969 ...  0.62109375 -0.00285339
    0.65625   ]
  [-0.02026367  0.24804688  0.04223633 ...  0.17285156 -0.13085938
    0.10449219]]

 [[-0.25       -0.15429688 -0.09765625 ...  0.21484375  0.42773438
   -0.12207031]
  [-0.11816406 -0.47070312  0.14453125 ...  0.29882812  0.41015625
   -0.00491333]
  [ 0.04003906 -0.34765625 -0.25585938 ...  0.21972656  0.68359375
    0.08105469]
  ...
  [-0.29492188  0.42578125  0.16601562 ...  0.13183594 -0.06933594
    0.10351562]
  [ 0.09570312 -0.41210938  0.19140625 ...  0.3203125   0.34375
    1.0234375 ]
  [ 0.03417969 -0.26367188  0.24316406 ...  0.40429688 -0.17675781
    0.50390625]]

 [[-0.76171875  0.25390625 -0.25585938 ...  0.26171875  0.0123291
    0.58203125]
  [-0.33398438 -0.0402832   0.20703125 ...  0.39453125  0.23632812
    0.04003906]
  [-0.2734375  -0.03295898 -0.28515625 ...  0.48828125  0.40429688
    0.24707031]
  ...
  [-0.1328125   0.20019531  0.5        ...  0.375       0.01202393
    0.14941406]
  [-0.1796875  -0.68359375  0.24707031 ...  0.6953125  -0.08105469
    0.84765625]
  [ 0.3515625  -0.5078125   0.3984375  ...  0.625       0.10449219
    0.28125   ]]]
after action_decoder, noise_pred is[[[-1.90625     0.65625     0.18847656]
  [-0.26953125  1.21875    -0.55078125]
  [-1.1171875   1.046875   -1.8125    ]
  ...
  [-0.5546875  -0.1796875   0.02856445]
  [ 0.53515625  1.65625    -0.20410156]
  [ 0.17089844  1.15625    -0.640625  ]]

 [[-1.015625   -1.71875     0.5703125 ]
  [-1.3984375   0.55859375  0.19238281]
  [ 0.23828125  1.8359375  -1.9296875 ]
  ...
  [-0.16601562 -1.453125    1.296875  ]
  [-1.2734375  -0.24316406  0.62109375]
  [ 0.02441406 -0.875      -0.11181641]]

 [[-1.078125   -1.40625     0.41210938]
  [-1.3125      1.25        1.09375   ]
  [-2.421875    0.17773438 -0.49609375]
  ...
  [-1.4921875  -0.51953125 -0.78125   ]
  [-1.0390625   1.2578125   0.18359375]
  [ 1.1171875  -0.76171875  0.22558594]]

 ...

 [[-0.21777344 -0.55078125 -0.74609375]
  [-1.5234375  -0.10742188 -1.75      ]
  [-0.71875     0.5        -0.44726562]
  ...
  [-0.875       0.41601562 -0.7578125 ]
  [ 0.26757812  1.7265625   0.09863281]
  [-0.09375    -0.7421875   1.296875  ]]

 [[-1.4921875   1.203125   -0.98046875]
  [-0.359375    1.6953125  -0.22558594]
  [-1.5546875  -0.48828125 -2.28125   ]
  ...
  [-0.02148438 -0.78515625  0.40039062]
  [-2.3125      0.45117188 -0.63671875]
  [ 0.328125    1.1171875  -0.37109375]]

 [[ 1.421875    0.02185059 -1.09375   ]
  [-0.7109375  -0.0546875   0.9609375 ]
  [-0.421875   -0.8984375  -1.8125    ]
  ...
  [-0.578125    0.43164062  0.31445312]
  [ 0.515625    1.9296875  -0.23925781]
  [-0.625       2.28125     0.46289062]]]
latents output is[[[ 3.96484375e-01 -8.39843750e-02 -2.16796875e-01]
  [ 4.04296875e-01 -6.07910156e-02  5.71289062e-02]
  [ 4.10156250e-01 -2.00195312e-02  8.05664062e-02]
  ...
  [ 5.02929688e-02  1.91650391e-02  6.46972656e-03]
  [-1.95312500e-03  4.88281250e-03 -4.06250000e-01]
  [ 2.68554688e-03  3.41796875e-03 -4.88281250e-04]]

 [[ 3.96484375e-01  8.88671875e-02  1.96289062e-01]
  [ 3.86718750e-01  1.15234375e-01  8.59375000e-02]
  [ 3.82812500e-01  1.38671875e-01  4.68750000e-02]
  ...
  [ 3.78417969e-02  2.58789062e-02 -5.37109375e-03]
  [-2.44140625e-03  2.59399414e-03 -4.94140625e-01]
  [ 1.70898438e-03  3.41796875e-03 -2.19726562e-03]]

 [[ 4.12109375e-01 -1.12304688e-02 -3.83300781e-02]
  [ 4.06250000e-01  2.29492188e-02  8.39843750e-02]
  [ 3.98437500e-01  6.15234375e-02  9.17968750e-02]
  ...
  [ 4.29687500e-02  2.50244141e-02  1.85546875e-02]
  [-3.66210938e-03  9.76562500e-04 -5.15625000e-01]
  [ 1.46484375e-03  3.41796875e-03 -6.71386719e-04]]

 ...

 [[ 4.04296875e-01  6.03027344e-02  1.32812500e-01]
  [ 4.02343750e-01  4.54101562e-02 -5.85937500e-03]
  [ 4.00390625e-01  6.22558594e-02  5.44433594e-02]
  ...
  [ 5.56640625e-02  1.58691406e-02 -2.39257812e-02]
  [ 3.05175781e-03  4.88281250e-03 -1.95312500e-01]
  [ 2.89916992e-03  4.39453125e-03 -4.88281250e-03]]

 [[ 3.63281250e-01  1.86523438e-01  4.72656250e-01]
  [ 3.61328125e-01  1.97265625e-01  5.24902344e-03]
  [ 3.57421875e-01  1.99218750e-01 -1.95312500e-03]
  ...
  [ 4.39453125e-02  3.61328125e-02  8.39843750e-02]
  [-9.76562500e-03 -4.15039062e-03 -6.67968750e-01]
  [ 2.44140625e-04  4.39453125e-03  2.44140625e-04]]

 [[ 3.96484375e-01  8.78906250e-02  1.91406250e-01]
  [ 3.94531250e-01  8.78906250e-02  2.58789062e-02]
  [ 3.94531250e-01  1.05957031e-01  3.61328125e-02]
  ...
  [ 4.85839844e-02  2.36816406e-02  3.24707031e-02]
  [-1.70898438e-03  6.83593750e-03 -4.58984375e-01]
  [ 3.41796875e-03  5.85937500e-03 -6.34765625e-03]]]
